data/test/slopeTest/subzone.asc
ncols        100
nrows        100
xllcorner    1012412.500000000000
yllcorner    6277937.500000000000
cellsize     25.000000000000
NODATA_value  -9999
[rows 0 to 44 of 100, columns 0 to 95 of 100]
164 61 120 243 156 220 118 205 194 26 24 286 123 186 290 205 109 146 298 260 231 20 100 90 119 86 73 222 199 117 258 219 223 4 176 62 132 271 64 50 37 187 189 233 140 260 256 44 203 97 38 165 103 107 173 111 290 215 8 245 108 49 112 234 219 188 105 63 41 107 275 108 231 211 64 127 58 47 240 56 196 60 256 103 19 37 145 299 271 39 216 232 190 16 243 57
206 60 85 250 119 171 15 73 282 181 129 271 55 231 241 184 123 217 150 47 109 174 176 52 223 195 85 9 37 260 211 175 219 279 60 47 35 19 14 15 122 78 72 184 263 65 97 58 14 3 195 256 267 208 113 33 263 206 217 152 288 51 209 24 156 250 200 28 96 39 189 98 4 225 281 17 219 183 250 289 185 159 260 160 183 217 259 28 256 181 285 143 95 91 176 133
217 28 163 203 217 296 103 49 145 225 284 194 240 22 212 8 224 43 100 258 8 284 75 265 207 26 192 286 88 64 80 136 119 31 158 136 89 37 210 51 0 35 210 271 241 114 234 97 294 116 176 108 256 114 228 274 12 121 264 175 263 184 0 59 192 19 228 16 253 109 257 264 44 159 229 177 90 19 267 117 65 300 199 123 223 292 169 15 26 265 60 197 232 249 229 188
218 211 183 32 191 162 206 71 163 144 181 229 160 99 154 28 57 66 161 11 194 288 55 237 188 136 222 190 128 11 188 139 141 257 71 108 198 37 151 222 188 123 141 184 61 209 254 295 199 199 159 161 226 96 67 116 15 234 274 232 284 54 267 50 168 37 85 271 240 82 112 18 255 95 201 230 195 22 33 155 65 21 205 150 231 286 188 99 232 126 170 299 144 169 29 190
70 193 114 244 287 182 91 202 129 255 200 106 178 155 118 79 35 24 112 209 174 293 180 78 186 137 189 143 215 147 189 186 114 269 17 45 63 286 70 150 72 202 89 46 30 187 68 275 205 285 157 182 83 293 228 251 0 261 297 106 255 280 156 147 280 32 32 67 292 201 74 42 71 160 295 47 143 60 154 187 224 208 188 202 206 204 40 50 194 199 221 205 219 224 129 195
173 297 147 242 97 228 274 45 113 104 58 54 88 235 261 204 196 121 157 184 242 181 150 56 285 253 181 225 103 7 256 68 34 249 260 279 45 101 190 119 20 114 242 265 82 271 4 84 270 196 227 144 48 9 109 171 78 11 274 77 231 218 168 156 148 194 98 158 136 80 11 256 245 100 84 25 74 6 76 209 275 259 105 263 197 10 68 251 28 122 156 211 244 136 168 126
143 40 280 133 249 147 14 52 238 128 282 81 205 220 55 54 259 296 152 196 202 109 229 139 83 15 39 36 231 256 228 61 57 202 96 68 98 44 168 1 39 180 35 53 77 291 142 2 96 300 35 176 185 39 179 135 13 2 115 270 48 291 154 137 220 53 116 54 62 295 229 204 241 291 56 276 14 117 212 136 193 228 270 67 9 212 67 35 109 35 178 7 139 136 60 182
102 231 142 143 157 43 72 225 223 204 136 11 64 299 20 297 103 151 65 59 43 153 220 24 33 26 148 11 178 19 95 252 30 231 119 53 185 197 77 234 0 212 186 199 196 193 47 268 51 108 248 236 73 51 263 294 28 38 41 67 19 115 241 125 118 89 136 129 269 79 4 187 14 246 300 17 5 162 71 153 223 175 27 30 76 211 52 95 272 0 142 0 17 243 267 142
230 46 132 163 40 129 262 70 298 50 264 267 47 108 273 205 236 74 9 158 65 87 75 201 169 241 57 235 298 148 112 26 259 281 169 183 64 68 5 43 38 245 241 73 82 292 248 175 293 263 32 244 45 239 250 257 241 189 172 196 298 230 46 197 182 163 1 292 53 233 229 166 73 87 172 180 165 272 235 184 128 237 43 152 78 236 54 247 95 88 107 119 272 280 242 195
197 127 236 197 54 92 129 11 277 141 231 55 5 248 263 191 79 243 287 87 28 17 180 271 226 206 199 300 131 146 117 15 114 122 178 99 180 114 273 278 249 218 19 74 46 285 292 13 201 75 12 203 58 34 254 207 161 265 205 33 275 68 62 92 106 53 121 16 163 161 168 100 282 293 243 52 52 129 143 193 73 293 235 97 232 221 182 251 287 152 49 234 270 145 77 68
51 204 46 34 184 238 16 3 68 106 17 157 269 14 222 285 30 149 292 207 253 32 253 160 188 25 256 152 208 298 233 161 296 87 140 184 107 190 64 154 267 237 211 296 127 125 31 214 268 41 21 290 128 126 264 141 240 164 234 192 273 53 72 295 15 188 181 59 249 257 120 188 298 58 177 277 11 153 231 237 217 173 85 289 285 237 186 121 72 134 66 266 130 211 168 270
89 151 97 88 205 47 178 249 114 273 292 240 75 220 257 90 128 261 160 172 85 67 194 21 266 129 47 45 246 148 192 4 71 2 49 21 165 196 265 126 90 5 17 58 56 49 44 137 49 125 136 278 266 92 68 47 232 11 214 198 145 31 52 160 232 233 143 69 212 47 217 40 8 253 248 73 12 283 41 169 267 6 53 43 254 211 133 7 210 180 184 231 8 132 227 252
114 284 126 104 299 219 99 119 49 147 158 149 118 239 93 202 291 23 247 169 175 138 60 267 10 250 90 285 300 204 126 114 122 150 93 131 154 260 152 271 197 111 5 92 160 66 65 189 93 260 139 144 282 229 175 172 99 274 64 82 42 216 180 6 176 163 17 38 132 281 214 265 80 233 232 227 175 272 247 271 30 166 203 13 34 36 27 263 28 241 241 249 62 113 53 135
21 186 232 106 29 121 200 145 122 23 80 79 95 129 63 117 155 264 154 174 68 7 140 276 97 183 61 159 44 47 102 41 197 262 86 43 172 260 190 70 266 78 19 115 5 0 198 57 5 219 203 213 6 219 182 195 222 158 295 298 257 107 258 69 261 72 259 129 296 27 270 230 120 92 298 112 144 82 99 254 260 173 150 219 261 166 56 74 229 215 278 299 33 189 140 244
209 159 252 135 54 89 107 244 74 61 11 151 200 232 53 283 53 279 104 97 83 125 16 193 253 177 122 212 64 206 255 55 173 1 244 292 83 16 224 97 257 42 153 225 162 214 59 4 276 289 182 55 0 197 125 76 15 51 110 77 129 124 26 178 217 205 64 90 239 92 287 101 90 103 65 145 228 67 300 252 293 125 211 98 78 105 155 264 21 227 96 258 244 288 204 81
192 72 202 45 60 224 207 278 61 188 173 231 122 243 47 187 179 80 157 135 62 54 188 10 134 239 157 105 254 65 100 293 250 123 216 104 79 150 262 112 115 52 156 12 185 127 76 153 184 236 241 122 190 180 183 218 61 100 103 262 250 262 55 166 72 171 204 62 209 60 244 10 94 154 268 51 117 125 42 62 166 222 5 76 141 26 255 219 136 244 290 11 254 16 121 87
289 85 247 212 236 166 91 284 73 226 32 275 0 280 111 226 55 117 282 191 93 203 199 74 273 275 158 13 227 46 205 267 108 142 54 106 288 245 187 254 203 85 224 251 194 208 170 81 32 84 45 94 23 143 270 227 32 167 50 18 127 113 93 215 249 285 101 187 97 22 164 122 245 262 202 66 176 179 26 43 290 157 151 7 78 180 39 174 269 213 144 245 216 280 116 108
108 71 248 140 266 275 262 211 92 211 243 96 163 80 240 263 245 165 190 104 275 278 142 56 278 216 175 232 270 233 251 76 255 209 19 54 242 267 240 289 9 294 150 228 82 199 118 191 141 252 143 187 91 298 47 5 193 141 80 128 141 224 207 227 267 70 29 26 275 230 171 55 140 251 116 179 232 13 16 66 19 100 66 191 182 14 142 154 162 42 105 232 89 32 163 96
139 46 142 8 104 126 280 286 126 167 209 144 230 120 152 173 97 160 27 108 53 170 123 75 272 287 116 186 125 151 262 262 7 171 128 260 288 31 100 79 227 163 177 139 246 35 163 167 226 260 244 23 265 68 3 166 146 88 12 75 90 282 252 209 150 69 1 27 246 157 150 170 269 223 287 61 160 158 187 286 132 6 36 184 149 57 127 88 86 146 28 111 272 140 121 237
166 238 293 278 156 295 51 215 62 150 133 137 270 211 192 221 11 45 198 16 226 272 164 249 146 35 86 102 138 212 52 254 92 12 150 155 171 206 64 73 62 286 148 152 89 187 42 107 151 139 287 98 234 64 130 147 190 96 263 210 218 101 61 0 117 50 221 260 181 243 127 263 181 201 173 133 44 66 73 240 191 70 225 150 14 292 213 61 299 293 280 202 225 121 26 292
122 237 81 24 248 50 138 41 149 158 181 83 278 206 129 219 200 16 128 122 246 286 229 131 266 126 64 296 126 59 208 297 67 272 168 162 49 2 129 51 229 137 263 53 248 60 197 161 168 206 200 146 187 9 157 116 183 45 209 77 177 230 35 121 230 95 41 134 268 290 200 42 22 173 62 47 37 33 287 3 223 200 96 42 273 296 202 152 91 46 95 263 173 138 55 200
114 96 55 224 88 157 241 190 70 278 264 16 9 105 269 141 157 273 255 257 77 292 270 61 267 74 179 241 243 113 85 288 75 54 162 90 52 229 283 147 46 270 279 146 97 54 124 247 77 295 209 294 170 70 172 99 12 151 166 37 86 236 209 228 128 108 237 194 28 132 233 230 15 269 154 39 51 180 162 228 292 299 142 90 29 162 56 247 166 216 250 287 282 7 22 47
210 249 195 175 160 157 254 241 216 248 40 236 249 117 94 44 42 268 207 247 55 219 27 136 192 241 19 298 293 16 173 94 79 173 294 255 146 283 214 263 138 124 70 43 272 54 52 129 216 153 288 263 95 35 118 190 46 149 267 210 290 220 195 161 283 156 295 165 134 49 65 248 9 298 261 40 257 175 152 55 267 32 194 41 217 243 87 172 231 50 65 294 250 184 216 134
191 3 149 64 51 87 132 203 153 54 102 247 130 145 93 172 134 134 222 246 66 285 44 290 33 67 2 133 7 228 89 266 127 58 18 48 6 300 59 10 197 29 124 11 21 10 203 272 56 109 125 249 73 169 166 104 203 188 40 67 116 185 104 239 216 89 2 15 152 9 47 71 60 61 114 137 239 155 122 177 126 128 187 128 82 91 136 206 91 26 187 32 42 69 67 145
16 177 65 202 61 180 16 165 213 203 78 243 201 123 288 30 206 36 6 105 237 24 164 0 156 186 1 78 39 217 121 275 262 285 214 250 24 153 111 278 110 129 226 158 41 116 194 278 55 282 139 11 30 265 33 77 239 45 95 185 242 45 116 153 12 214 40 231 191 115 155 103 158 267 165 285 23 33 100 212 133 119 262 141 88 260 108 226 187 253 118 242 117 14 204 55
139 275 77 2 230 108 110 110 112 0 282 83 23 154 206 21 98 274 221 92 195 94 166 248 119 138 60 73 3 19 204 263 53 155 156 173 73 90 103 146 180 290 218 122 81 72 7 277 195 79 114 87 145 17 242 273 285 178 74 33 275 122 138 7 255 128 264 144 273 165 159 76 282 273 126 223 138 248 296 167 297 176 150 54 91 145 89 161 14 132 32 130 35 173 79 293
46 16 223 239 274 112 211 166 291 161 28 152 280 264 45 100 295 124 299 73 114 73 186 171 256 43 2 87 53 5 59 89 151 38 50 92 263 181 56 182 277 179 159 300 134 40 241 24 155 261 132 53 266 37 63 124 91 204 185 8 268 205 89 123 113 59 202 108 47 13 94 8 87 22 85 179 251 271 86 75 206 208 176 237 207 248 133 190 241 238 238 289 104 271 295 98
261 62 297 254 107 72 5 24 252 38 218 10 88 44 54 66 105 103 239 226 220 132 91 57 180 22 284 161 177 20 234 243 145 32 31 74 215 209 81 67 98 56 247 269 295 123 17 19 51 0 2 295 165 266 71 82 267 135 166 237 8 250 90 251 292 161 74 158 233 135 28 255 202 230 226 66 126 33 268 277 127 294 258 33 57 163 19 161 298 55 287 50 157 28 232 59
132 38 94 199 48 215 245 44 2 115 178 43 201 256 101 212 253 138 9 7 73 247 22 231 76 63 154 269 217 228 263 16 82 116 194 247 138 282 36 216 246 47 243 39 222 32 249 236 281 286 111 291 174 40 58 227 243 257 222 266 280 160 26 70 273 197 100 136 74 70 247 283 9 134 51 272 130 25 214 216 93 228 6 218 152 85 45 202 284 280 184 116 169 150 290 252
259 281 241 293 101 171 29 230 113 202 293 120 157 224 0 72 37 52 140 201 112 253 208 125 77 81 143 248 292 194 163 263 198 231 277 211 200 139 263 249 109 199 257 77 30 228 247 182 273 172 247 46 186 259 90 122 93 2 55 91 215 91 158 257 269 28 11 79 178 79 80 268 173 75 104 278 20 22 44 59 281 262 124 264 106 169 124 81 256 185 121 216 222 10 100 138
288 97 14 201 77 149 293 261 298 251 216 227 203 142 23 198 4 182 242 265 21 297 140 61 202 29 63 208 172 157 256 295 165 222 35 297 195 91 139 5 46 236 93 38 282 33 282 122 47 268 19 33 75 272 73 251 208 37 124 259 262 283 139 151 15 196 13 117 87 51 167 292 144 38 24 158 197 188 63 297 3 114 181 151 231 4 144 212 182 58 117 14 29 165 29 132
201 35 227 229 119 28 212 182 297 282 288 77 31 265 44 226 280 42 270 94 232 152 131 20 294 19 151 169 147 284 28 94 60 130 30 269 93 93 94 256 205 239 199 300 55 197 147 29 70 119 103 182 272 214 164 295 299 80 249 265 97 261 250 19 56 148 82 264 291 288 98 198 17 291 247 91 112 222 80 35 52 293 198 263 290 251 297 9 129 50 54 246 257 22 232 248
42 82 38 260 179 191 233 175 169 100 122 191 143 204 37 211 296 163 189 65 112 108 294 90 300 281 17 67 45 137 91 239 190 167 230 1 148 197 102 36 233 238 227 151 17 239 157 152 41 142 106 146 267 109 26 136 69 263 122 92 238 200 197 110 31 213 2 294 51 21 300 235 148 17 36 240 234 130 105 54 97 165 234 187 141 24 240 183 244 208 288 286 31 288 48 250
66 102 120 24 198 203 13 159 251 89 227 262 80 76 209 244 92 89 209 236 141 142 147 84 21 181 105 96 163 214 175 149 140 152 15 116 89 96 150 266 140 31 252 99 203 193 129 64 185 223 110 109 36 249 165 225 162 184 187 93 120 210 99 182 122 55 80 179 295 89 187 122 196 194 122 167 152 300 253 295 251 197 261 96 75 30 179 155 111 140 117 4 72 288 36 174
228 202 236 251 231 28 256 72 217 135 77 85 17 112 46 189 205 260 198 106 63 99 248 50 87 282 89 261 238 122 173 233 134 271 271 37 180 272 73 299 146 185 30 263 64 168 203 247 56 54 61 153 10 153 212 106 200 69 230 12 238 243 192 192 33 130 89 188 150 39 32 199 126 143 189 49 163 256 35 156 134 39 19 58 12 261 258 32 243 7 166 217 21 280 292 50
194 42 122 7 21 224 194 177 132 106 282 219 276 195 187 174 164 146 292 139 162 100 192 267 11 50 149 74 285 220 110 248 227 212 168 59 294 189 98 52 177 276 276 171 268 1 29 144 211 131 237 14 53 35 172 113 117 199 251 174 225 99 158 238 209 199 245 192 30 155 165 245 289 243 248 125 40 184 30 55 11 113 25 34 188 6 190 120 249 287 46 143 10 62 75 18
210 190 19 257 292 215 139 75 115 262 198 91 298 89 134 159 178 270 167 175 254 192 162 154 186 236 154 44 90 45 205 53 277 2 212 97 233 107 208 141 105 168 172 172 253 80 296 97 35 120 81 240 91 109 24 199 263 82 292 9 215 209 264 148 78 170 292 242 96 131 34 119 193 259 267 160 62 258 190 97 279 297 62 7 245 41 152 69 98 201 19 144 8 63 242 130
116 12 116 175 210 148 252 278 97 4 258 232 299 246 271 299 256 179 298 115 214 42 45 30 176 29 172 202 109 281 20 43 276 170 48 26 291 242 136 193 251 37 137 112 148 169 48 32 238 9 166 32 44 11 65 218 290 73 134 207 141 174 15 12 286 11 105 183 91 112 111 196 218 287 55 5 276 291 65 11 220 165 272 122 60 245 61 146 14 269 165 94 12 36 205 231
43 272 297 148 116 71 47 93 142 132 91 259 270 22 96 143 130 13 64 205 263 66 27 230 67 193 271 216 112 9 51 64 99 50 178 212 225 1 212 77 27 234 222 154 100 204 58 16 72 60 99 69 193 273 78 179 236 291 203 262 88 258 140 96 169 95 50 43 160 34 66 109 188 288 2 189 273 213 286 148 248 148 153 100 176 26 16 227 223 186 250 93 217 21 62 103
245 80 204 108 35 241 270 293 98 220 97 36 94 25 220 229 167 103 60 2 107 285 231 74 261 182 151 223 17 26 131 81 230 148 125 66 252 229 20 81 298 270 14 60 166 158 9 184 245 274 188 196 47 199 76 240 60 158 271 248 288 67 132 283 87 137 8 280 264 69 81 136 173 83 282 107 299 287 285 188 108 254 88 0 72 33 111 247 91 272 219 54 283 274 71 154
272 82 234 92 128 264 168 111 181 56 240 59 119 83 127 49 93 293 18 173 284 282 113 49 228 78 159 113 132 202 207 173 223 214 273 66 47 256 128 150 241 203 286 59 77 227 164 214 22 145 137 168 237 201 60 106 58 180 52 198 93 195 42 135 124 203 98 205 63 215 146 151 196 180 123 98 122 45 225 111 114 298 215 288 68 205 253 206 193 274 187 299 291 49 247 142
92 95 104 228 124 244 243 294 212 212 250 101 271 233 233 68 285 270 230 197 124 262 22 196 78 91 277 278 20 238 41 254 38 48 162 132 182 29 5 4 188 170 277 137 194 256 130 56 188 165 142 170 92 286 172 2 171 224 277 110 49 73 289 63 131 56 12 294 146 71 185 251 3 208 88 276 265 41 19 142 118 88 8 71 297 295 142 49 92 5 112 24 214 43 298 196
176 267 145 39 13 53 42 208 76 250 72 22 268 53 109 228 60 106 215 84 210 53 102 8 266 96 200 133 210 90 215 36 42 272 286 82 241 16 298 52 5 6 202 188 300 114 102 86 279 250 218 150 42 225 36 194 248 49 162 57 173 282 11 149 89 244 199 43 207 73 164 140 224 65 290 120 30 144 293 235 285 160 142 249 155 251 117 216 185 222 193 282 120 85 11 81
17 30 29 282 94 74 236 138 149 31 94 117 177 203 6 290 298 299 174 161 181 94 279 33 35 132 109 175 163 144 8 114 181 239 58 280 88 195 24 109 185 283 228 189 180 43 270 221 220 292 178 44 208 286 76 148 170 15 54 24 14 2 289 238 192 0 149 62 234 51 216 205 96 237 168 164 74 7 89 56 295 233 294 236 94 280 207 158 76 53 219 105 56 123 205 291
190 166 284 244 298 27 63 22 169 220 178 22 161 6 17 63 176 211 189 124 288 45 177 92 269 161 66 284 257 294 90 240 293 241 269 55 290 171 215 134 294 203 70 81 211 198 74 38 126 64 209 2 150 272 184 215 133 142 56 123 256 67 58 238 28 158 236 254 226 34 250 164 204 152 177 225 133 147 110 181 42 92 141 215 143 284 53 72 279 0 137 56 225 269 262 165
