data/test/slopeTest/subzone.asc
ncols        100
nrows        100
xllcorner    1012412.500000000000
yllcorner    6277937.500000000000
cellsize     25.000000000000
NODATA_value  -9999
[rows 45 to 89 of 100, columns 0 to 95 of 100]
125 76 27 132 21 296 120 5 24 261 124 215 138 125 266 175 213 226 19 54 240 265 284 119 163 209 25 8 58 131 192 171 205 38 20 213 189 91 273 120 134 110 52 214 199 119 270 108 55 188 6 3 97 267 74 94 253 17 24 19 101 49 227 115 236 291 186 162 64 179 54 153 124 113 178 188 229 56 246 113 240 58 242 146 80 19 212 50 17 156 289 24 29 297 74 114
164 236 218 250 281 23 228 126 274 185 205 275 153 127 283 129 175 15 176 12 232 163 290 152 158 210 38 124 276 86 38 86 45 121 252 245 38 250 92 174 131 218 274 0 284 57 215 263 75 13 270 135 77 202 268 113 180 42 99 36 6 62 2 170 189 156 157 148 196 26 113 259 249 214 253 228 299 151 217 184 104 159 14 36 12 237 296 277 230 158 231 249 136 14 113 222
298 210 24 118 194 204 237 50 286 224 226 17 179 278 50 61 252 124 220 27 295 255 74 114 31 113 205 60 109 170 65 277 217 12 10 142 272 170 30 256 132 187 182 295 250 48 162 102 253 258 81 233 85 135 232 248 282 169 100 176 219 78 256 134 85 170 129 286 110 200 299 170 36 84 270 161 152 161 61 118 121 143 44 151 205 33 230 193 37 209 131 132 222 56 13 85
173 281 82 243 35 66 6 270 189 262 82 118 23 130 101 48 0 177 165 72 36 240 285 240 22 127 144 197 59 125 259 42 165 249 27 107 246 31 131 233 200 100 164 104 57 58 135 223 253 169 276 119 79 182 142 15 231 292 62 159 229 261 243 85 222 62 181 184 147 137 127 235 161 217 296 37 2 251 93 16 241 288 135 115 138 181 155 30 196 130 151 33 89 17 281 175
25 251 288 295 270 164 227 214 196 247 102 127 291 212 28 250 231 124 243 186 58 16 171 68 1 125 6 115 204 14 142 125 1 98 97 284 300 139 31 10 162 263 197 151 247 280 58 171 218 42 72 146 242 66 144 104 127 114 290 205 159 263 62 231 239 123 32 290 240 106 89 10 295 144 181 115 160 46 235 95 5 107 49 62 100 280 100 257 264 257 294 270 114 0 204 288
257 110 263 59 20 117 174 202 129 175 27 5 227 198 222 43 65 78 48 0 68 172 176 87 19 130 135 209 268 212 90 207 24 190 45 281 25 221 46 269 110 38 84 191 20 96 33 121 82 110 190 23 72 94 251 72 92 117 207 95 60 149 60 120 251 18 59 150 284 260 16 273 161 192 251 178 116 102 170 21 233 287 227 3 179 281 236 174 279 159 228 189 50 176 294 220
241 159 123 17 260 10 127 81 221 267 248 29 78 81 53 187 229 260 9 127 179 57 155 126 300 191 201 215 266 144 265 120 299 102 120 177 0 194 286 57 272 280 274 137 132 269 227 175 201 7 272 48 108 267 70 227 9 220 93 281 125 162 118 146 211 264 188 77 276 281 275 267 151 210 285 199 23 119 3 40 184 78 180 62 197 254 278 76 181 75 36 93 78 255 159 20
3 63 116 126 148 279 174 93 226 266 54 210 137 136 256 285 59 166 133 56 170 65 114 207 40 121 276 81 6 45 136 81 214 40 12 123 77 39 44 123 132 155 166 188 92 193 236 111 235 221 127 3 6 183 207 146 175 181 245 223 8 184 144 26 222 228 105 152 129 133 286 149 291 61 274 130 86 260 156 23 176 282 219 280 230 298 199 159 125 8 50 200 119 187 90 60
84 204 227 184 248 238 156 194 79 176 156 155 11 284 103 282 88 52 217 229 90 294 157 221 98 255 89 54 284 3 269 151 249 101 162 4 18 28 63 170 112 145 6 269 82 62 264 206 249 126 246 293 47 61 175 155 196 283 46 116 233 298 46 82 273 201 200 229 263 237 234 59 109 110 154 40 93 118 47 277 68 250 275 124 163 160 16 74 195 258 280 291 197 286 276 213
283 54 233 39 80 153 43 173 230 279 206 265 134 16 70 232 235 138 164 264 113 16 144 270 288 225 34 81 155 186 202 1 198 238 58 10 299 248 148 9 61 254 298 165 212 300 289 220 235 12 215 92 26 13 165 21 77 214 17 145 119 146 215 222 239 253 26 82 212 195 296 149 181 191 25 216 61 98 260 56 62 256 182 141 191 20 228 45 224 187 157 262 149 246 45 110
21 71 194 279 268 203 289 18 81 215 196 116 61 285 112 236 187 176 202 54 25 284 287 78 263 252 123 246 221 112 163 7 81 43 249 229 28 186 287 109 170 22 152 50 134 136 178 15 70 40 124 225 295 142 136 221 193 62 206 166 291 237 216 152 7 232 22 47 181 154 182 277 232 291 89 85 201 112 256 234 71 15 166 105 203 286 163 62 289 115 172 95 268 20 216 263
211 122 135 207 123 67 94 134 199 173 129 185 196 213 289 83 74 3 250 135 226 267 113 38 171 196 300 217 131 127 256 84 90 120 123 13 160 4 229 30 2 121 82 259 130 202 213 186 239 280 139 279 272 204 143 240 35 36 66 107 172 246 9 228 176 94 27 263 171 171 156 239 64 142 237 239 117 119 33 221 43 300 56 107 224 148 39 264 25 295 236 151 49 246 22 212
71 7 58 293 278 64 69 251 66 33 262 145 39 10 274 169 292 39 73 17 163 78 173 135 287 139 208 153 77 33 75 165 79 248 143 170 92 97 232 40 73 62 296 169 119 269 164 17 204 41 154 214 222 283 177 79 121 0 237 41 136 275 261 5 131 29 161 70 7 126 101 197 82 135 53 99 23 267 218 93 145 38 128 120 56 296 249 92 158 119 36 125 244 268 42 229
137 182 48 231 111 10 90 42 52 43 23 151 108 141 71 238 97 139 94 284 70 50 5 218 31 2 256 112 157 187 59 276 66 15 161 131 205 186 186 41 184 182 98 300 70 270 216 300 282 64 289 64 65 250 45 62 22 153 76 216 256 86 149 126 156 168 196 27 178 238 31 240 162 249 16 297 199 209 96 132 63 296 231 244 143 129 7 177 83 171 50 99 47 118 258 230
4 232 84 38 43 42 108 265 138 38 207 3 45 227 181 164 4 121 72 202 20 1 146 144 132 65 85 230 207 173 128 266 70 174 40 43 288 97 290 263 18 146 2 226 84 187 265 45 238 113 263 185 113 102 11 238 109 278 222 296 298 102 115 100 280 204 21 149 177 46 279 93 136 297 147 53 268 270 188 172 179 193 219 52 47 252 188 23 215 253 185 197 215 97 300 261
94 100 105 177 204 293 129 43 122 31 227 202 289 208 160 295 58 150 43 56 298 295 18 188 167 10 76 236 296 86 283 110 72 283 138 135 3 241 118 204 123 21 261 67 198 175 32 2 73 200 188 102 5 159 271 61 242 96 82 265 30 245 138 8 25 243 22 239 30 187 7 259 25 69 98 199 15 39 279 142 270 30 229 119 100 172 111 211 293 24 90 177 163 267 113 291
14 188 271 116 265 161 250 35 236 220 202 91 268 173 75 134 92 109 182 105 32 53 222 135 98 88 283 196 128 278 26 22 178 13 72 263 200 4 13 207 155 133 76 284 167 162 288 167 165 135 175 137 144 178 155 111 165 268 45 155 73 82 188 3 212 32 47 26 146 116 112 52 299 224 248 85 144 229 21 195 86 85 72 83 121 148 284 36 93 238 107 166 32 64 177 33
258 180 271 72 237 13 84 17 234 202 122 231 111 45 45 23 160 99 229 101 202 195 86 272 52 47 16 276 235 67 134 300 217 264 67 255 253 84 218 154 53 198 47 6 79 288 269 286 134 273 286 285 262 154 109 231 179 245 119 84 97 200 146 27 91 219 19 184 124 196 269 254 146 0 138 169 144 105 89 124 23 93 265 48 261 291 44 167 235 230 146 285 67 280 169 206
272 30 252 198 117 69 74 165 30 117 260 211 198 21 224 89 202 57 86 286 80 178 133 266 233 79 167 203 125 283 159 270 17 272 73 213 211 249 292 94 110 102 38 99 23 11 280 83 99 22 176 23 156 11 155 129 116 236 130 229 187 186 141 243 138 102 239 18 30 234 128 255 118 113 108 204 91 133 97 297 239 125 18 93 170 122 98 75 177 155 166 192 202 170 204 117
226 185 209 12 50 290 78 171 39 167 189 50 70 207 124 179 172 131 93 200 213 27 259 120 48 81 20 119 101 120 208 283 239 161 260 34 11 294 169 114 113 126 225 46 291 251 254 268 10 201 46 86 179 74 179 194 159 214 68 260 0 2 224 113 21 55 138 30 187 106 258 242 188 219 126 183 11 146 290 287 156 251 87 184 258 87 49 160 63 245 187 46 160 289 119 143
57 9 176 183 104 239 179 98 3 16 44 220 260 74 19 185 280 224 159 261 69 206 159 6 148 50 31 189 4 73 211 126 142 219 278 172 53 211 88 272 218 104 176 180 96 91 184 195 162 109 293 61 299 233 203 120 81 53 40 154 15 30 234 65 160 142 201 55 171 142 67 24 175 53 297 46 107 188 295 205 199 126 160 155 155 0 39 205 260 252 112 142 293 109 24 197
92 123 12 11 285 162 271 73 183 171 258 124 119 183 259 31 150 264 204 82 151 223 27 125 240 85 267 99 15 157 88 153 23 24 197 101 53 132 119 76 179 35 233 122 152 209 254 37 207 175 25 9 54 249 120 243 25 88 45 89 9 152 11 145 40 231 203 118 30 95 241 73 91 5 12 263 298 13 158 266 281 20 113 282 172 209 175 184 36 295 51 264 88 47 160 53
282 152 54 18 205 145 191 84 112 130 284 225 89 147 50 251 16 130 96 241 115 186 272 241 202 47 71 251 204 258 44 274 248 250 239 17 149 150 244 23 193 234 218 148 294 13 93 212 66 81 204 224 73 74 218 89 222 125 111 257 62 150 0 257 96 284 115 192 91 297 191 66 67 246 139 116 254 4 287 157 141 146 142 90 45 296 142 222 243 53 110 140 175 261 287 230
266 73 45 140 100 6 295 284 33 234 285 32 263 239 114 146 179 40 184 198 23 132 96 250 102 294 249 20 19 229 266 241 237 244 236 258 160 161 96 229 104 299 92 42 256 65 141 87 224 209 213 41 150 18 183 9 129 38 122 145 30 31 46 126 264 121 261 259 43 2 81 101 238 35 219 78 20 69 269 37 86 37 44 7 61 247 286 53 10 276 128 199 6 126 152 238
179 128 93 223 299 251 104 236 236 0 113 213 125 150 196 47 278 50 99 53 253 61 157 205 230 266 32 171 257 94 6 133 110 230 70 249 228 82 168 295 239 127 132 76 88 29 161 127 178 202 135 133 141 232 229 13 204 70 171 147 182 96 247 176 187 174 211 170 263 2 11 154 167 71 163 289 131 137 184 209 138 74 87 226 208 265 155 121 176 295 278 64 193 281 56 295
54 149 237 280 34 115 12 105 262 251 278 157 248 48 281 182 167 119 284 39 150 287 124 119 177 297 270 18 237 110 175 204 28 258 233 34 87 266 242 58 3 50 125 7 129 113 19 191 93 109 77 177 29 149 212 260 250 219 259 41 33 171 181 14 259 275 246 272 268 123 279 165 72 201 29 30 198 232 276 211 85 21 136 59 255 282 120 231 289 186 245 68 18 61 83 299
90 298 8 54 167 8 157 94 150 260 60 98 273 294 213 72 166 85 213 168 10 51 193 153 42 44 39 182 164 217 179 111 19 216 209 132 171 89 36 136 100 255 275 215 162 195 85 251 39 286 170 216 254 287 240 299 138 233 275 10 122 221 89 29 21 150 243 57 74 138 127 259 135 289 181 120 59 196 48 68 251 160 242 221 1 59 156 32 135 135 77 42 293 262 117 93
47 176 36 245 288 159 155 156 122 143 59 72 82 26 71 77 295 290 246 261 201 62 187 109 137 269 146 204 213 111 256 126 196 154 277 139 140 11 223 135 88 32 88 71 146 99 126 251 227 38 166 204 133 210 48 273 35 294 45 49 276 108 40 192 83 32 28 189 9 82 57 19 289 82 38 129 175 60 57 110 151 59 221 190 112 225 59 121 79 143 14 32 139 57 58 294
278 141 228 181 40 275 296 280 10 209 294 209 21 198 157 290 182 53 239 60 194 204 168 187 124 244 15 250 245 148 248 166 236 294 244 58 167 116 79 98 92 228 104 248 46 67 183 124 160 88 33 271 232 241 141 278 182 76 42 247 70 37 285 229 250 154 163 26 107 183 178 255 221 244 7 293 55 223 290 246 205 283 59 177 129 19 265 27 237 195 68 177 59 159 233 8
166 298 28 262 122 175 28 72 230 152 202 234 167 227 66 194 89 62 124 273 279 294 91 191 74 261 242 247 101 118 154 239 167 262 50 36 51 253 50 283 17 289 87 161 240 172 134 70 283 145 67 63 4 72 281 184 222 118 7 253 80 220 65 99 280 48 236 107 158 48 37 109 44 230 25 48 162 90 240 270 61 283 60 125 114 83 251 63 77 51 66 78 5 284 112 99
169 25 242 80 70 267 153 118 164 215 205 76 210 217 17 226 276 95 110 86 258 196 59 46 223 255 139 74 78 300 143 71 168 253 80 244 228 285 102 131 212 174 207 271 297 206 202 119 51 169 75 170 289 113 204 261 219 232 229 256 214 121 47 219 234 280 221 189 86 74 171 163 55 55 42 186 30 64 46 13 94 16 265 61 45 61 34 136 42 219 67 95 184 165 174 156
180 80 245 56 201 179 41 11 29 183 6 152 244 289 88 206 9 45 11 13 70 300 217 11 220 242 88 104 32 167 223 128 240 99 102 279 217 67 59 45 107 248 200 264 205 89 123 188 123 17 241 142 256 22 193 137 73 124 196 129 40 38 68 210 31 142 81 116 96 59 46 184 101 108 93 56 293 210 106 261 290 282 202 236 254 156 32 232 73 262 166 188 150 85 217 136
140 26 177 36 212 199 138 255 128 43 234 103 102 129 96 153 65 295 219 139 200 171 295 252 36 239 59 183 64 104 164 249 194 170 64 216 115 268 141 181 157 159 105 105 100 165 107 292 112 137 221 117 65 145 234 85 36 180 72 56 183 126 277 67 297 90 28 157 184 276 24 205 102 116 221 96 8 29 90 284 159 199 209 33 15 225 107 197 78 267 279 232 75 68 88 160
132 284 279 59 98 35 298 189 134 193 257 149 95 210 11 32 180 13 221 122 163 7 233 161 172 131 282 144 226 218 186 295 154 224 188 110 44 179 200 276 107 138 269 25 193 279 158 7 274 231 223 238 40 239 179 7 292 262 271 257 240 134 125 165 79 0 259 201 90 135 142 65 287 261 116 95 71 262 22 187 51 43 143 31 293 251 246 129 256 82 230 21 89 232 43 218
144 246 97 137 233 143 26 172 25 37 13 228 253 168 285 157 145 181 231 45 205 203 35 165 68 297 92 32 78 35 68 213 279 106 100 62 133 23 259 220 234 127 15 218 270 51 252 24 52 262 291 25 96 12 245 223 24 189 252 166 54 133 276 59 245 285 0 49 280 0 242 245 138 73 140 90 3 135 296 125 138 211 104 50 218 47 177 237 66 273 291 131 2 14 95 264
200 276 59 288 242 66 192 144 176 297 208 243 148 31 30 122 120 191 141 277 244 174 254 194 124 134 183 202 98 24 272 59 18 209 55 195 62 181 54 28 194 231 43 221 71 4 202 178 3 20 86 47 36 93 188 96 78 289 288 298 281 113 194 101 241 272 201 205 139 3 256 78 203 294 216 236 200 178 255 18 185 10 97 294 129 151 198 278 220 91 0 270 284 218 154 226
167 128 170 252 79 67 264 69 24 268 299 10 170 292 146 188 133 300 87 297 92 129 75 155 169 29 68 289 274 78 1 129 173 102 73 168 200 8 200 105 207 218 84 270 267 106 1 225 85 77 289 233 257 21 6 281 137 273 62 108 170 262 262 262 0 209 176 178 150 291 222 67 129 251 230 117 96 101 110 39 298 6 61 125 195 57 228 273 72 283 78 175 224 45 248 1
138 137 295 86 82 147 57 66 182 166 34 49 220 207 294 31 225 265 123 183 219 189 145 92 241 118 23 132 281 109 236 204 2 62 148 260 178 266 207 106 152 110 57 260 205 39 188 81 107 191 172 48 185 32 275 202 283 52 208 300 31 113 139 134 14 70 216 65 270 168 156 136 241 138 218 100 292 48 232 244 100 183 62 280 50 1 109 133 241 229 33 283 18 26 232 215
61 237 250 199 254 151 208 187 8 95 108 147 273 267 237 251 76 271 103 36 109 77 219 76 34 83 113 288 263 167 151 260 242 148 90 183 29 275 150 221 90 296 186 53 291 170 209 75 294 89 239 296 156 10 225 70 289 191 57 17 8 144 222 52 263 80 70 173 218 144 184 102 56 258 241 145 179 104 121 69 15 10 63 175 185 180 43 286 197 62 65 14 152 224 174 28
132 144 25 98 55 285 193 219 238 283 95 71 294 244 61 8 146 36 189 287 265 227 244 112 268 277 279 147 189 190 271 135 265 84 165 159 112 277 127 27 74 71 279 83 151 234 102 282 20 85 280 55 75 15 262 150 262 169 294 17 168 120 140 141 295 220 17 213 196 156 47 131 129 50 200 45 225 102 276 224 215 135 285 138 170 288 218 297 140 131 152 264 151 150 139 41
46 184 120 130 248 196 8 178 117 187 49 291 229 73 32 270 111 74 60 292 134 151 292 160 145 211 6 254 236 46 112 43 180 145 125 70 79 153 247 90 108 76 295 205 278 156 290 180 28 122 71 184 245 143 259 261 230 36 284 192 229 150 291 21 207 256 87 164 14 106 209 247 248 283 271 215 291 62 35 240 107 141 9 145 83 257 288 124 7 147 74 64 280 132 98 97
299 193 276 210 131 19 297 229 191 181 120 279 84 212 120 250 33 76 77 279 120 200 26 82 243 274 20 84 178 129 246 90 66 105 188 111 281 232 158 198 156 160 249 15 188 18 100 112 162 267 242 216 261 79 97 228 198 103 58 44 238 64 246 29 230 92 242 157 136 227 187 225 242 12 34 244 13 15 134 241 13 236 151 244 60 177 197 81 124 167 143 265 82 98 78 232
261 2 156 217 291 138 170 237 272 44 185 105 203 191 156 165 141 231 92 214 121 60 101 241 84 174 140 3 13 119 266 154 35 145 79 161 63 264 226 193 218 17 175 278 38 189 40 146 69 288 190 73 38 4 145 81 163 249 49 243 112 113 26 189 112 256 12 177 5 80 225 84 120 177 80 108 211 8 157 244 187 115 65 136 170 259 177 107 113 131 200 259 129 32 103 162
294 143 210 210 62 270 144 218 90 281 232 74 121 277 180 12 23 250 69 15 281 179 170 64 140 95 7 161 3 234 260 39 157 170 58 168 203 96 84 168 100 174 173 281 166 170 144 237 58 100 66 258 179 216 232 80 99 200 268 70 264 140 143 204 243 4 66 108 98 275 144 155 187 174 35 172 259 180 77 248 297 147 132 125 200 296 193 148 271 52 25 278 153 260 73 108
131 231 150 277 78 241 13 146 128 113 295 284 117 91 243 264 93 299 298 178 211 209 71 6 20 296 212 49 254 219 157 187 114 270 51 248 244 1 197 204 37 39 113 260 101 8 3 27 41 174 17 298 93 194 271 236 134 117 79 119 296 22 80 197 66 240 294 30 294 254 239 183 293 226 77 108 176 76 135 199 111 264 35 187 296 49 92 83 102 107 198 135 32 60 150 218
