data/alpes.asc
ncols        42
nrows        42
xllcorner    1011912.500000000000
yllcorner    6273487.500000000000
cellsize     25.000000000000
NODATA_value  -9999
 320.0 321 329 340 352 361 369 369 358 341 323 307 292 279 265 248 235 240 261 279 296 313 328 342 356 368 379 393 407 417 428 438 451 463 475 493 508 519 524 528 534 537
 310 313 322 334 346 356 364 363 351 334 316 298 283 270 256 242 231 238 257 276 292 307 321 336 350 364 375 389 403 414 426 438 452 463 475 497 511 520 527 535 544 545
 300 306 315 328 339 350 357 355 342 323 307 290 274 260 246 234 228 237 256 274 288 302 315 328 343 357 370 383 397 411 423 436 450 462 473 489 504 512 525 539 541 543
 290 298 308 320 332 343 350 346 333 316 300 283 265 249 236 226 224 236 254 268 282 296 310 323 338 352 365 379 394 408 421 434 447 458 468 479 491 505 527 536 524 523
 280 290 301 312 324 336 341 335 324 310 294 278 260 241 226 218 223 236 252 266 281 295 309 322 335 350 363 377 392 406 420 431 443 453 462 471 482 503 530 526 505 501
 270 283 295 306 317 328 332 324 314 301 287 272 255 237 219 212 222 236 252 269 284 298 313 326 340 353 366 379 393 406 419 429 437 445 453 462 473 494 507 497 486 486
 261 275 289 300 311 320 322 314 304 292 279 265 249 232 216 209 220 235 252 268 284 301 316 331 345 358 371 383 398 409 417 423 429 436 443 450 459 469 475 471 469 473
 254 268 283 295 305 312 312 304 293 283 271 258 241 225 212 205 217 233 251 269 286 304 320 335 349 362 374 386 397 402 407 412 418 424 430 436 442 447 451 454 456 459
 249 262 276 289 299 305 301 293 283 273 262 249 233 219 206 203 218 234 251 271 288 306 322 337 350 362 372 380 386 390 394 400 406 411 417 424 429 433 436 439 442 444
 244 256 270 284 296 299 292 282 273 262 251 238 225 211 201 203 219 235 251 269 289 307 321 333 345 356 364 370 375 378 383 388 394 399 404 410 417 421 422 424 427 430
 238 252 265 280 291 291 283 273 262 250 240 228 215 204 197 203 219 234 250 267 287 304 315 326 337 346 353 359 364 368 372 376 381 386 392 398 405 410 411 411 413 416
 232 246 260 273 282 281 273 262 249 239 228 217 206 197 195 203 219 234 249 264 280 295 307 318 328 336 343 348 353 358 360 364 368 373 379 386 394 400 400 398 399 404
 227 241 254 266 272 269 260 249 238 227 217 207 197 192 195 205 219 234 248 262 276 289 300 310 319 327 333 338 342 346 349 352 356 361 367 376 387 394 391 385 386 392
 219 234 247 256 260 255 248 236 225 216 206 196 190 192 200 210 223 236 248 261 273 284 294 303 311 318 324 329 332 336 339 341 344 348 355 367 380 385 381 372 375 382
 211 226 238 245 245 239 232 222 213 204 194 189 190 198 208 219 230 241 251 261 271 281 289 296 302 310 315 319 322 326 329 331 332 336 341 349 360 365 361 358 363 372
 202 216 227 231 228 222 214 207 199 191 184 188 197 207 217 227 237 246 254 262 269 277 284 290 295 301 306 309 313 316 318 319 321 326 329 332 336 339 340 345 352 357
 193 206 215 217 213 206 200 192 186 182 183 192 203 214 225 234 242 250 257 263 268 274 279 285 289 293 297 300 303 306 308 309 311 316 318 320 322 324 328 334 337 342
 184 195 202 202 198 192 185 180 179 182 189 198 208 220 231 240 247 254 260 264 267 271 274 277 280 284 288 291 294 297 298 300 302 305 308 310 310 313 318 322 324 328
 176 184 189 188 182 178 174 175 182 192 201 210 219 227 235 244 251 258 262 265 266 267 268 269 271 274 278 282 285 287 289 291 293 295 298 299 300 304 308 311 313 316
 173 173 178 176 173 173 176 183 193 204 214 223 231 236 242 249 255 261 262 263 263 262 262 262 262 265 269 273 277 279 281 282 284 286 288 289 291 295 299 301 303 306
 177 168 168 170 173 179 187 196 206 216 227 235 241 247 252 255 258 260 260 258 257 256 255 254 254 257 261 266 270 272 273 275 276 278 279 280 282 287 290 293 294 296
 184 170 164 169 177 187 198 208 218 229 238 246 253 259 261 263 262 260 256 252 249 248 248 246 246 249 253 258 263 265 266 267 269 271 273 273 275 279 282 285 286 287
 190 176 164 165 175 189 202 215 227 238 249 258 266 270 272 271 267 260 253 246 241 240 240 238 238 242 246 251 256 257 258 259 261 264 265 266 269 272 274 277 278 279
 196 182 168 162 170 184 199 214 229 242 256 268 277 283 283 280 272 262 252 243 235 231 232 231 232 238 242 246 249 250 251 252 254 257 258 258 262 265 267 269 270 271
 201 186 171 161 165 179 195 210 226 241 257 271 284 292 292 286 277 265 254 242 232 224 223 224 227 232 236 241 244 245 245 245 248 250 250 252 256 258 260 261 263 264
 205 189 174 162 163 175 191 207 223 238 255 270 284 295 296 289 279 267 255 242 230 219 215 217 222 227 231 237 240 240 238 239 242 242 243 248 251 252 254 255 256 256
 208 191 175 163 161 172 188 204 220 236 252 268 282 292 294 289 280 268 256 243 230 218 210 211 216 221 227 233 234 233 231 232 235 236 239 242 245 247 249 249 249 250
 209 191 174 161 159 170 186 203 219 235 251 265 277 285 287 285 279 268 256 243 230 217 207 206 213 221 227 230 229 226 224 226 228 230 233 237 241 244 243 243 243 244
 208 191 173 159 157 169 185 202 218 234 249 262 272 277 279 279 275 266 255 242 229 215 204 203 213 224 230 231 226 220 216 220 222 225 229 235 240 241 239 237 237 238
 206 189 173 158 156 169 185 202 217 232 246 258 265 269 271 271 268 261 250 239 226 213 201 199 210 223 231 233 226 215 210 214 218 224 230 235 237 236 233 231 231 233
 204 187 171 157 155 168 183 200 215 229 241 250 256 260 262 263 260 254 245 234 222 209 197 193 205 218 228 229 222 210 205 212 219 227 232 233 232 229 226 224 225 227
 203 187 172 158 153 164 180 196 210 223 233 240 245 249 253 254 253 248 239 229 217 204 193 189 199 212 218 218 212 204 203 211 219 226 230 230 228 223 219 218 220 224
 204 189 174 159 152 159 174 189 203 214 222 228 234 239 244 245 244 240 232 223 211 199 187 184 193 204 207 206 202 198 202 211 219 224 226 226 224 218 213 212 218 225
 205 190 174 158 150 155 167 181 193 203 210 217 223 229 234 236 235 230 223 215 205 193 182 179 188 195 195 194 192 195 202 211 217 220 220 220 218 212 208 215 225 230
 204 190 174 159 148 149 158 170 182 191 198 205 212 219 224 226 223 218 211 204 196 186 176 173 180 184 184 184 189 198 204 209 212 213 212 210 207 202 206 216 225 230
 201 188 174 160 151 147 150 160 170 179 186 194 202 209 215 217 212 205 198 191 185 177 170 168 172 174 176 182 190 196 199 202 203 202 200 199 197 199 206 215 223 229
 195 185 174 166 160 151 145 149 158 167 174 183 192 200 207 208 202 194 186 178 172 166 162 163 166 169 173 178 183 186 189 190 190 189 190 192 198 206 214 221 227 233
 193 186 182 178 170 158 146 143 148 155 162 173 183 191 198 198 191 182 174 165 159 157 157 159 162 165 167 170 174 176 178 180 181 184 191 200 208 216 223 229 234 238
 200 196 194 188 178 166 152 142 141 145 152 163 173 182 188 188 180 171 163 155 154 158 163 166 168 173 175 176 177 177 177 180 187 192 197 206 214 222 229 234 237 240
 209 203 198 190 182 172 160 148 141 140 144 152 162 172 180 178 169 161 154 152 160 170 178 182 185 188 190 191 192 194 193 191 195 202 204 206 212 221 228 233 236 239
 212 204 194 185 178 170 163 155 146 141 140 144 152 163 172 172 162 152 150 157 170 182 191 197 201 204 205 206 207 208 206 203 204 211 215 214 214 219 226 231 234 238
 212 202 192 184 176 169 164 158 151 147 144 140 145 156 166 167 156 148 153 166 180 194 204 211 215 218 219 221 222 222 219 215 216 222 227 228 228 229 233 237 239 241
