data/subzone.asc
ncols        82
nrows        82
xllcorner    1004537.500000000000
yllcorner    6291912.500000000000
cellsize     25.000000000000
NODATA_value  -9999
[rows 0 to 19 of 82, columns 0 to 42 of 82]
741.65997314453125 741.22998046875 740.6099853515625 740.280029296875 739.6400146484375 738.9000244140625 737.69000244140625 735 730.8599853515625 726.02001953125 720.96002197265625 716.34002685546875 711.3800048828125 705.28997802734375 697.9000244140625 690.5999755859375 683.59002685546875 676.79998779296875 670.15997314453125 663.6500244140625 658.78997802734375 655.17999267578125 651.260009765625 646.05999755859375 639.6099853515625 632.219970703125 624.67999267578125 616.760009765625 610.03997802734375 606.33001708984375 606.33001708984375 609.03997802734375 611.69000244140625 613.469970703125 614.489990234375 614.71002197265625 614.45001220703125 614.34002685546875 614.6199951171875 614.3800048828125 613.90997314453125 613.03997802734375 611.58001708984375
739.46002197265625 739.17999267578125 738.72998046875 738.58001708984375 738.15997314453125 737.489990234375 736.5 734.280029296875 730.67999267578125 726.28997802734375 721.6099853515625 717.3900146484375 712.77001953125 706.66998291015625 699.1400146484375 691.530029296875 684.20001220703125 677.3800048828125 670.97998046875 664.739990234375 660 656.55999755859375 652.6500244140625 647.6300048828125 641.71002197265625 635.28997802734375 629.010009765625 621.59002685546875 612.07000732421875 604.96002197265625 601.34002685546875 601.80999755859375 604.280029296875 606.4000244140625 607.780029296875 608.739990234375 609.010009765625 609 609.09002685546875 608.6500244140625 607.67999267578125 606.1300048828125 604.3699951171875
736.27001953125 736.59002685546875 736.530029296875 736.29998779296875 735.6199951171875 734.97998046875 734.030029296875 732.29998779296875 729.3499755859375 725.3499755859375 720.70001220703125 716.03997802734375 711.02001953125 704.69000244140625 697.32000732421875 689.760009765625 682.42999267578125 675.77001953125 669.58001708984375 663.45001220703125 658.59002685546875 654.67999267578125 650.44000244140625 645.41998291015625 640.02001953125 634.239990234375 628.5 621.90997314453125 612.75 604.8800048828125 598.8599853515625 596.47998046875 597.75 599.92999267578125 601.55999755859375 603.19000244140625 603.8800048828125 603.97998046875 604.1199951171875 603.760009765625 602.28997802734375 600.0999755859375 598.15997314453125
732.5999755859375 733.66998291015625 734.19000244140625 733.34002685546875 732.34002685546875 731.42999267578125 730.3900146484375 728.94000244140625 726.58001708984375 723.0999755859375 718.57000732421875 713.3800048828125 707.219970703125 700.53997802734375 693.59002685546875 686.55999755859375 679.53997802734375 672.92999267578125 666.66998291015625 660.6199951171875 655.53997802734375 651.1199951171875 646.58001708984375 641.58001708984375 636.29998779296875 630.58001708984375 624.59002685546875 619.02001953125 611.219970703125 604.1500244140625 597.82000732421875 593.79998779296875 592.96002197265625 594.34002685546875 596.44000244140625 598.3699951171875 599.22998046875 599.67999267578125 599.79998779296875 598.92999267578125 596.97998046875 594.92999267578125 592.969970703125
729.45001220703125 730.91998291015625 731.489990234375 730.22998046875 728.760009765625 727.25 726.030029296875 724.5999755859375 722.510009765625 719.29998779296875 714.97998046875 709.59002685546875 703.21002197265625 696.57000732421875 689.8499755859375 683.21002197265625 676.219970703125 669.30999755859375 662.90997314453125 657.09002685546875 651.82000732421875 646.8800048828125 641.92999267578125 636.780029296875 631.41998291015625 625.75 620.09002685546875 614.3699951171875 608.3499755859375 602.3900146484375 596.6300048828125 592.08001708984375 589.72998046875 590.46002197265625 592.66998291015625 594.6500244140625 595.5999755859375 595.80999755859375 595.1400146484375 593.739990234375 591.67999267578125 589.80999755859375 587.83001708984375
727.0999755859375 728.94000244140625 729.1199951171875 727.42999267578125 725.15997314453125 722.469970703125 720.46002197265625 718.80999755859375 716.95001220703125 714.03997802734375 710.030029296875 704.989990234375 699.02001953125 692.75 686.15997314453125 679.3900146484375 672.21002197265625 665.09002685546875 658.6300048828125 653.04998779296875 647.6199951171875 641.989990234375 636.46002197265625 630.969970703125 625.66998291015625 620.1300048828125 614.760009765625 609.6300048828125 604.67999267578125 599.5999755859375 594.3800048828125 589.96002197265625 587.44000244140625 587.90997314453125 589.71002197265625 591.25 592.010009765625 591.760009765625 590.489990234375 588.77001953125 586.83001708984375 584.78997802734375 582.760009765625
724.90997314453125 726.80999755859375 726.739990234375 724.489990234375 721.1099853515625 716.72998046875 713.1500244140625 710.9000244140625 709.4000244140625 707.28997802734375 704 699.55999755859375 694.08001708984375 688.03997802734375 681.6300048828125 674.80999755859375 667.58001708984375 660.40997314453125 654.239990234375 648.19000244140625 642.15997314453125 636.25 630.489990234375 624.8499755859375 619.6099853515625 614.28997802734375 609.46002197265625 605.010009765625 600.57000732421875 595.83001708984375 590.91998291015625 586.969970703125 585.030029296875 585.52001953125 586.77001953125 587.69000244140625 588.05999755859375 587.6300048828125 586.1300048828125 584.239990234375 582.04998779296875 579.739990234375 577.59002685546875
721.21002197265625 723.04998779296875 722.6199951171875 719.94000244140625 715.6300048828125 709.94000244140625 705 702.07000732421875 700.9000244140625 699.67999267578125 697.19000244140625 693.3900146484375 688.32000732421875 682.19000244140625 675.6099853515625 669.1300048828125 662.59002685546875 655.84002685546875 649.6400146484375 643.1500244140625 636.6300048828125 630.469970703125 624.42999267578125 618.8800048828125 613.79998779296875 608.92999267578125 604.6500244140625 600.54998779296875 596.219970703125 591.46002197265625 586.760009765625 583.280029296875 582.15997314453125 582.78997802734375 583.530029296875 583.8800048828125 583.94000244140625 583.3599853515625 581.90997314453125 579.989990234375 577.47998046875 574.91998291015625 572.46002197265625
715.16998291015625 717.20001220703125 716.42999267578125 713.42999267578125 708.8599853515625 703.20001220703125 698.260009765625 695.3800048828125 693.95001220703125 692.3599853515625 689.8599853515625 686.59002685546875 681.969970703125 675.78997802734375 669.44000244140625 663.75 657.3499755859375 651.09002685546875 644.75 637.94000244140625 631.0999755859375 624.6400146484375 618.53997802734375 613.42999267578125 608.260009765625 603.75 599.760009765625 595.8599853515625 591.719970703125 587.4000244140625 583.28997802734375 580.28997802734375 579.67999267578125 580.260009765625 580.3499755859375 580.0999755859375 579.780029296875 579.010009765625 577.67999267578125 575.84002685546875 573.41998291015625 570.83001708984375 568.1199951171875
706.58001708984375 708.260009765625 707.530029296875 705.1099853515625 701.41998291015625 696.8699951171875 692.6400146484375 689.57000732421875 687.239990234375 684.75 681.95001220703125 678.78997802734375 674.8499755859375 669.29998779296875 663.8699951171875 658.27001953125 652.1199951171875 645.989990234375 639.6199951171875 632.67999267578125 625.70001220703125 619 613.260009765625 607.8499755859375 602.8800048828125 598.78997802734375 594.94000244140625 591.17999267578125 587.3599853515625 583.719970703125 580.3499755859375 577.84002685546875 577.1199951171875 577.33001708984375 577.010009765625 576.57000732421875 575.82000732421875 574.84002685546875 573.52001953125 571.82000732421875 569.9000244140625 567.6300048828125 565.08001708984375
696.80999755859375 697.6500244140625 697.17999267578125 695.77001953125 693.30999755859375 689.8599853515625 686.1199951171875 682.719970703125 679.27001953125 675.969970703125 672.83001708984375 669.66998291015625 666.1400146484375 661.70001220703125 656.97998046875 651.77001953125 646.3499755859375 640.45001220703125 634.280029296875 627.32000732421875 620.33001708984375 613.6300048828125 607.77001953125 602.3599853515625 597.75 594.010009765625 590.260009765625 586.65997314453125 583.15997314453125 580.17999267578125 577.489990234375 575.3800048828125 574.33001708984375 574.0999755859375 573.77001953125 573.19000244140625 572.08001708984375 570.969970703125 569.760009765625 568.3699951171875 566.8499755859375 564.96002197265625 562.6099853515625
687.5999755859375 687.84002685546875 687.41998291015625 686.239990234375 684.28997802734375 681.5 678.20001220703125 674.6099853515625 670.55999755859375 666.72998046875 663.44000244140625 660.260009765625 657.02001953125 653.25 649.04998779296875 644.4000244140625 639.28997802734375 633.67999267578125 627.5999755859375 620.8499755859375 614.19000244140625 607.97998046875 602.41998291015625 597.28997802734375 593.030029296875 589.29998779296875 585.66998291015625 582.3499755859375 579.260009765625 576.92999267578125 574.760009765625 572.83001708984375 571.5 570.96002197265625 570.72998046875 570.030029296875 568.739990234375 567.6099853515625 566.5 565.3499755859375 564.030029296875 562.280029296875 560.1099853515625
679.03997802734375 679.219970703125 678.42999267578125 676.75 674.6099853515625 672.34002685546875 669.67999267578125 666.1500244140625 662.07000732421875 657.8900146484375 654.47998046875 651.29998779296875 648.1400146484375 644.54998779296875 640.52001953125 636.09002685546875 631.1500244140625 625.760009765625 619.96002197265625 613.70001220703125 607.66998291015625 602.4000244140625 597.32000732421875 592.5 588.3599853515625 584.8499755859375 581.42999267578125 578.45001220703125 575.969970703125 574.239990234375 572.40997314453125 570.57000732421875 569.02001953125 568.21002197265625 567.92999267578125 567.19000244140625 565.91998291015625 564.82000732421875 563.75 562.70001220703125 561.530029296875 559.84002685546875 558
670.0999755859375 670.28997802734375 668.969970703125 667.16998291015625 665.34002685546875 663.47998046875 661.1500244140625 657.92999267578125 653.94000244140625 649.57000732421875 645.8699951171875 642.739990234375 639.46002197265625 635.80999755859375 631.80999755859375 627.3800048828125 622.75 617.77001953125 612.55999755859375 607.1400146484375 601.8800048828125 597.239990234375 592.41998291015625 587.82000732421875 583.8499755859375 580.5 577.5 574.80999755859375 572.8499755859375 571.55999755859375 570.27001953125 568.780029296875 567.15997314453125 565.969970703125 565.469970703125 564.69000244140625 563.54998779296875 562.42999267578125 561.27001953125 560.22998046875 559.19000244140625 557.66998291015625 555.96002197265625
660.46002197265625 660.53997802734375 659.19000244140625 657.70001220703125 656.45001220703125 655.09002685546875 652.95001220703125 649.90997314453125 646.1300048828125 641.79998779296875 637.65997314453125 634.30999755859375 630.780029296875 627.15997314453125 623.3900146484375 619.1400146484375 614.8699951171875 610.71002197265625 606.30999755859375 601.77001953125 597.1400146484375 592.53997802734375 587.83001708984375 583.42999267578125 579.65997314453125 576.510009765625 573.8900146484375 571.489990234375 569.72998046875 568.52001953125 567.469970703125 566.22998046875 564.82000732421875 563.72998046875 563.07000732421875 562.489990234375 561.489990234375 560.25 558.80999755859375 557.65997314453125 556.45001220703125 554.91998291015625 553.16998291015625
650.72998046875 650.65997314453125 649.5999755859375 648.489990234375 647.6500244140625 646.739990234375 644.8699951171875 642.02001953125 638.47998046875 634.20001220703125 629.760009765625 626.09002685546875 622.55999755859375 619.04998779296875 615.45001220703125 611.54998779296875 607.72998046875 604.28997802734375 600.9000244140625 597.1199951171875 592.760009765625 588.09002685546875 583.6300048828125 579.47998046875 575.989990234375 572.96002197265625 570.34002685546875 568.15997314453125 566.40997314453125 565.15997314453125 564.15997314453125 563.1500244140625 562.260009765625 561.55999755859375 560.8900146484375 560.3699951171875 559.469970703125 558.1500244140625 556.5999755859375 555.20001220703125 553.55999755859375 551.79998779296875 550.16998291015625
641.4000244140625 641.1400146484375 640.20001220703125 639.28997802734375 638.739990234375 638.15997314453125 636.719970703125 634.30999755859375 631.1199951171875 627.15997314453125 622.780029296875 618.719970703125 615.07000732421875 611.489990234375 607.71002197265625 603.8800048828125 600.42999267578125 597.40997314453125 594.6300048828125 591.6300048828125 588.260009765625 584.05999755859375 579.9000244140625 576.29998779296875 572.80999755859375 569.59002685546875 566.69000244140625 564.5 562.78997802734375 561.67999267578125 560.90997314453125 560.29998779296875 559.92999267578125 559.5 558.78997802734375 558.1099853515625 557.239990234375 555.8800048828125 554.28997802734375 552.66998291015625 550.91998291015625 549.15997314453125 547.69000244140625
632.219970703125 631.5999755859375 630.66998291015625 629.94000244140625 629.79998779296875 629.59002685546875 628.71002197265625 626.969970703125 624.280029296875 620.8900146484375 616.84002685546875 612.40997314453125 608.3599853515625 604.47998046875 600.28997802734375 596.29998779296875 593.1300048828125 590.69000244140625 588.530029296875 586.21002197265625 583.719970703125 580.3900146484375 576.6199951171875 573.17999267578125 569.59002685546875 566.17999267578125 563.17999267578125 560.77001953125 559.1300048828125 558.33001708984375 557.97998046875 557.780029296875 557.66998291015625 557.3599853515625 556.67999267578125 555.8699951171875 554.91998291015625 553.58001708984375 551.96002197265625 550.32000732421875 548.67999267578125 547.08001708984375 545.719970703125
623.280029296875 622.69000244140625 621.77001953125 621.1099853515625 621.25 621.58001708984375 621.260009765625 620.030029296875 617.8499755859375 614.969970703125 611.3699951171875 606.91998291015625 602.5999755859375 598.44000244140625 594 590.030029296875 587.1300048828125 585.0999755859375 583.29998779296875 581.3499755859375 579.3699951171875 576.78997802734375 573.33001708984375 570.04998779296875 566.489990234375 562.96002197265625 559.9000244140625 557.65997314453125 556.22998046875 555.6300048828125 555.30999755859375 555.239990234375 555.22998046875 555.05999755859375 554.53997802734375 553.739990234375 552.72998046875 551.3900146484375 549.84002685546875 548.239990234375 546.66998291015625 545.19000244140625 543.8599853515625
615.010009765625 614.57000732421875 613.53997802734375 612.8800048828125 613.1199951171875 613.760009765625 613.78997802734375 612.94000244140625 611.27001953125 608.92999267578125 605.760009765625 601.90997314453125 597.969970703125 593.8699951171875 589.6099853515625 585.90997314453125 583.0999755859375 580.8800048828125 578.8699951171875 576.91998291015625 575.1500244140625 573.20001220703125 570.28997802734375 567.08001708984375 563.6099853515625 560.21002197265625 557.28997802734375 555.1400146484375 553.8499755859375 553.20001220703125 552.94000244140625 552.8900146484375 552.8900146484375 552.71002197265625 552.25 551.530029296875 550.530029296875 549.25 547.80999755859375 546.27001953125 544.719970703125 543.27001953125 541.90997314453125
