data/subzone_225_12_25m_vel.asc
ncols	83
nrows	163
xllcorner	1011837.500000
yllcorner	6281462.500000
cellsize	25.000000
NODATA_value	-9999.000000
[rows 70 to 104 of 163, columns 0 to 77 of 83]
20.30 17.24 13.85 12.73 11.17 8.90 7.72 7.75 7.89 7.12 5.47 4.55 5.75 7.34 9.23 11.11 12.32 12.76 12.37 12.41 14.15 16.50 16.92 15.58 14.52 14.16 14.00 14.17 14.96 16.06 17.35 18.96 20.95 23.15 24.59 24.44 23.24 22.32 21.83 21.01 19.51 17.45 15.32 13.88 13.22 12.80 12.34 11.89 11.70 12.01 12.73 13.99 15.30 16.66 17.70 18.90 20.24 21.31 22.13 22.63 22.21 20.23 17.10 14.76 15.20 17.77 19.58 19.20 16.76 13.55 11.65 12.09 14.65 16.31 15.96 15.42 15.63 16.04
21.80 19.60 17.71 16.93 14.23 10.69 7.76 7.08 7.32 6.45 4.32 2.49 3.13 5.54 8.04 10.26 11.60 11.81 10.98 11.04 13.11 15.50 15.97 14.90 13.81 13.39 13.42 13.63 14.09 14.80 15.79 17.13 18.88 20.93 22.62 23.45 23.45 23.22 23.07 22.35 20.61 18.46 16.15 14.11 12.91 12.34 12.21 12.27 12.37 12.37 12.56 13.56 14.89 16.46 17.82 19.13 20.49 21.49 22.17 22.77 22.76 21.37 18.64 15.62 14.54 16.42 18.75 19.08 17.12 13.93 11.74 12.13 14.66 16.20 15.59 14.47 14.31 15.19
22.61 20.81 19.87 19.80 17.29 13.43 9.45 7.36 6.83 5.42 3.03 1.46 1.37 4.05 6.87 9.54 11.26 11.27 9.78 9.70 12.09 14.43 14.76 13.82 12.98 12.49 12.24 12.41 12.78 12.96 13.21 14.08 15.58 17.49 19.26 20.37 20.93 21.50 22.49 22.74 21.26 19.23 16.91 14.03 11.99 10.96 10.70 11.22 12.25 12.80 13.04 13.90 15.22 16.78 18.36 19.81 21.04 21.84 22.33 22.90 23.38 22.90 20.85 17.41 14.65 15.02 17.45 18.72 17.38 14.31 11.55 11.32 13.88 16.04 16.19 15.06 13.86 13.85
23.38 21.93 21.22 21.26 19.34 16.20 12.41 9.23 7.05 4.61 2.46 2.13 0.55 2.63 5.53 8.48 10.54 10.77 9.18 8.56 10.83 13.33 13.67 13.11 12.82 12.60 12.17 11.84 12.16 12.47 12.21 12.09 12.78 14.23 15.95 17.23 18.03 19.01 21.02 22.58 21.83 20.21 18.38 15.54 12.85 10.92 9.79 9.98 11.32 12.67 13.44 14.34 15.59 17.06 18.73 20.35 21.53 22.18 22.59 23.10 23.82 24.21 23.23 20.19 16.11 14.13 15.37 17.39 17.32 14.99 12.03 10.73 12.20 14.56 15.82 15.88 14.89 13.82
23.91 23.09 22.54 22.15 20.38 17.92 14.77 11.17 7.74 4.32 2.03 2.84 1.99 1.68 4.38 7.17 9.02 9.47 8.54 7.84 9.50 11.93 12.48 12.50 12.85 13.35 13.59 13.40 13.54 14.08 14.16 13.64 13.32 13.66 14.37 15.28 16.24 17.29 19.58 22.11 22.34 21.04 19.40 17.13 14.86 12.79 10.96 10.22 10.88 11.94 12.94 13.93 15.23 16.74 18.50 20.28 21.56 22.15 22.55 23.13 23.98 24.93 25.12 23.25 19.03 14.88 13.55 14.76 16.11 15.45 13.32 11.60 11.51 12.66 13.94 14.89 15.19 14.70
24.28 23.88 23.72 23.20 21.25 18.88 15.97 12.33 8.37 4.51 1.64 2.84 3.32 2.39 3.86 6.00 6.90 7.08 6.98 6.78 8.04 10.05 10.76 11.29 12.15 13.22 14.13 14.60 14.81 15.28 15.95 16.22 15.97 15.61 15.29 15.23 15.63 16.27 18.07 21.03 22.49 21.86 19.87 17.30 15.17 13.51 11.90 10.79 10.84 11.28 12.05 13.07 14.40 15.93 17.72 19.63 21.11 21.71 21.96 22.62 23.79 25.23 26.36 25.85 22.54 17.51 13.47 12.25 13.43 14.39 13.88 13.07 12.67 12.60 12.79 13.14 13.62 14.16
24.96 24.57 24.62 24.45 22.48 19.62 16.25 12.47 8.75 5.25 2.35 2.17 3.81 3.96 4.04 5.25 5.10 4.59 4.53 4.87 6.17 7.77 8.56 9.38 10.37 11.41 12.30 12.89 13.29 13.77 14.74 16.05 16.82 16.97 16.74 16.34 16.11 16.14 16.94 19.17 21.66 22.52 21.17 18.12 14.81 12.40 10.95 10.22 10.51 10.92 11.46 12.34 13.52 14.98 16.78 18.80 20.36 20.95 21.08 21.62 22.99 25.02 26.88 27.53 25.61 20.87 15.33 11.66 10.78 11.49 12.00 12.58 13.44 13.95 13.93 13.43 12.75 12.68
25.87 25.31 25.44 25.83 23.98 20.41 16.18 12.08 8.83 5.99 3.71 2.48 3.23 4.39 4.46 4.90 4.66 3.90 2.94 2.63 4.14 5.80 6.88 7.74 8.62 9.55 10.50 11.30 11.83 12.24 13.02 14.45 15.60 16.23 16.50 16.52 16.42 16.38 16.67 17.79 20.06 22.22 22.85 21.10 17.22 13.40 11.10 10.11 10.36 10.75 11.04 11.73 12.79 14.33 16.26 18.22 19.61 19.99 20.07 20.55 21.79 24.15 26.55 28.09 27.60 24.07 18.52 13.48 10.59 9.61 9.46 10.31 12.19 14.13 15.38 15.45 14.25 12.87
26.97 26.16 26.30 27.23 25.43 21.06 16.05 11.97 8.96 6.73 5.24 3.97 2.88 3.34 3.90 4.17 4.38 3.81 2.31 0.76 2.28 4.55 6.26 7.38 8.34 9.43 10.58 11.64 12.48 12.93 13.40 14.33 15.11 15.61 15.86 15.99 16.02 16.09 16.44 17.15 18.66 20.90 23.06 23.38 20.89 17.16 14.09 11.82 10.77 10.52 10.55 11.21 12.30 13.93 16.00 17.89 18.97 19.00 18.91 19.50 20.68 22.84 25.44 27.67 28.44 26.44 21.87 16.87 13.21 10.97 9.48 9.16 10.33 12.54 14.93 16.48 16.45 15.12
28.31 27.19 27.21 28.39 26.48 21.45 16.05 12.22 9.46 7.66 6.66 5.30 3.77 2.47 2.21 2.75 3.34 3.09 1.31 0.87 2.01 3.83 5.67 7.12 8.38 9.70 10.97 12.14 13.22 14.18 14.96 15.59 16.04 16.28 16.34 16.18 15.92 15.67 15.86 16.47 17.50 19.26 21.70 23.35 22.25 19.22 16.10 13.11 11.06 10.36 10.18 10.80 11.91 13.60 15.78 17.62 18.42 18.13 17.89 18.56 19.73 21.49 23.94 26.50 28.09 27.46 24.33 20.12 16.65 14.20 12.03 10.32 9.85 10.94 13.20 15.51 16.79 16.63
29.82 28.21 27.77 28.99 26.98 21.68 16.21 12.67 10.46 9.01 7.91 6.53 5.10 3.52 2.19 1.96 2.54 2.31 0.24 2.17 3.08 3.67 4.94 6.46 7.86 9.31 10.78 12.10 13.16 14.33 15.62 16.53 17.01 17.24 17.22 16.81 16.16 15.46 15.26 15.66 16.38 17.83 20.21 22.40 22.18 19.69 16.52 13.35 11.25 10.61 10.26 10.62 11.59 13.32 15.63 17.52 17.99 17.15 16.66 17.47 18.65 20.20 22.41 24.88 26.81 27.08 25.17 22.02 19.25 17.13 15.05 12.87 11.12 10.62 11.65 13.65 15.39 16.13
31.62 29.13 27.79 29.10 27.27 22.02 16.74 13.34 11.54 10.47 9.17 7.79 6.47 5.03 4.00 3.13 2.67 2.02 0.99 2.98 4.14 4.34 4.95 6.22 7.53 8.85 10.26 11.65 12.81 13.89 15.17 16.33 17.03 17.43 17.55 17.07 16.08 14.94 14.43 14.72 15.32 16.60 18.93 21.36 21.97 20.61 17.90 14.49 11.87 10.89 10.47 10.73 11.55 13.15 15.38 17.24 17.53 16.50 15.78 16.34 17.45 18.84 20.82 23.08 25.08 25.80 24.46 21.97 20.01 18.68 17.29 15.46 13.34 11.61 11.18 12.19 13.85 15.09
33.40 30.02 27.55 28.91 27.44 22.42 17.53 14.38 12.68 11.64 10.42 9.15 7.80 6.58 5.84 4.89 3.67 2.56 2.00 3.55 5.03 5.40 5.51 6.28 7.43 8.51 9.54 10.53 11.52 12.68 14.07 15.40 16.41 17.17 17.51 17.08 15.77 14.01 13.12 13.33 14.03 15.38 17.71 20.09 21.24 21.12 19.36 16.05 12.85 11.11 10.20 10.23 11.25 13.02 15.21 16.87 17.11 16.49 16.04 16.21 17.00 18.11 19.67 21.57 23.49 24.46 23.24 20.48 18.64 17.98 17.62 17.00 15.82 14.07 12.48 12.02 12.82 14.13
34.54 30.70 27.35 28.54 27.46 22.91 18.54 15.66 13.97 12.77 11.64 10.55 9.22 8.11 7.45 6.62 5.36 3.95 3.25 4.19 5.62 6.33 6.32 6.55 7.37 8.19 8.86 9.38 9.95 11.10 12.82 14.43 15.82 17.00 17.59 17.16 15.44 13.00 11.62 11.54 12.28 13.85 16.38 18.70 19.88 20.63 19.82 16.83 13.67 11.67 10.43 10.21 11.21 13.08 15.24 16.79 17.19 17.24 17.19 17.26 17.73 18.51 19.57 20.94 22.52 23.58 22.59 19.62 17.28 16.44 16.36 16.57 16.73 16.36 15.08 13.57 13.04 13.58
34.66 31.05 27.40 28.14 27.35 23.52 19.60 16.95 15.27 14.04 12.96 11.88 10.66 9.65 8.92 8.14 7.14 5.78 4.66 4.87 5.90 6.90 7.12 6.83 7.12 7.60 8.13 8.75 9.38 10.46 12.07 13.74 15.36 16.91 17.83 17.36 15.13 12.17 10.28 9.84 10.53 12.17 14.74 17.09 18.38 19.72 19.83 17.31 14.16 12.37 11.72 11.88 12.63 13.98 15.71 17.08 17.87 18.22 18.36 18.51 18.79 19.27 20.02 21.01 22.17 23.13 22.49 19.81 17.21 15.88 15.38 15.33 15.67 16.38 16.51 15.50 14.34 13.93
33.52 31.06 27.96 27.93 27.25 24.26 20.76 18.13 16.39 15.24 14.39 13.37 12.21 11.30 10.53 9.66 8.54 7.28 6.10 5.71 6.20 7.22 7.75 7.27 6.88 7.17 7.84 8.74 9.70 10.84 12.20 13.67 15.33 17.03 18.06 17.55 15.15 11.98 9.56 8.32 8.73 10.39 12.80 15.12 16.67 18.45 19.35 17.69 14.87 13.06 12.58 13.11 13.83 14.74 15.87 16.86 17.70 18.29 18.65 19.04 19.42 19.77 20.31 21.05 21.95 22.80 22.46 20.27 17.60 15.83 15.13 14.92 14.88 15.37 16.05 16.04 15.49 14.79
30.85 30.18 28.95 28.25 27.45 25.27 22.14 19.39 17.52 16.43 15.81 15.06 14.01 13.07 12.27 11.18 9.89 8.57 7.32 6.43 6.46 7.39 8.17 7.91 7.21 7.41 8.33 9.31 10.44 11.75 13.05 14.33 15.95 17.63 18.38 17.50 15.21 12.49 9.62 7.20 6.81 8.29 10.55 12.75 14.46 16.52 17.90 17.06 15.22 13.78 12.98 13.14 13.85 14.69 15.67 16.52 17.27 17.96 18.53 19.18 19.85 20.29 20.57 20.88 21.44 22.17 22.16 20.67 18.18 15.93 14.77 14.48 14.47 14.85 15.40 15.60 15.61 15.31
26.74 28.05 29.53 29.27 28.31 26.54 23.90 21.16 19.10 17.86 17.21 16.65 15.84 14.91 13.92 12.67 11.28 9.88 8.34 7.14 6.93 7.65 8.47 8.55 7.91 7.71 8.60 9.75 10.96 12.37 13.79 15.12 16.78 18.58 19.20 17.76 15.10 12.62 10.00 7.13 5.62 6.17 7.93 9.91 11.86 14.11 15.58 15.20 14.21 13.61 13.31 13.51 14.17 15.06 16.11 17.02 17.66 18.15 18.64 19.32 20.16 20.80 20.98 20.84 20.73 20.98 21.34 20.79 18.93 16.69 14.99 14.06 13.88 14.25 15.00 15.40 15.32 15.17
22.17 24.91 28.72 29.89 29.42 28.00 25.81 23.15 20.82 19.21 18.30 17.72 17.19 16.43 15.42 14.23 12.89 11.59 10.33 9.20 8.56 8.52 8.89 9.02 8.41 7.58 7.93 9.18 10.54 12.11 13.79 15.40 17.16 19.19 20.42 19.41 16.36 13.12 10.36 7.56 5.53 5.32 6.33 7.53 9.20 11.48 12.79 12.54 12.19 12.28 12.91 13.81 14.70 15.63 16.63 17.55 18.11 18.35 18.62 19.24 20.19 21.02 21.27 20.93 20.29 19.69 19.81 20.10 19.26 17.75 16.39 15.18 14.38 13.93 14.20 14.96 15.13 14.81
18.25 21.40 26.37 28.98 29.60 28.90 27.20 24.66 22.06 20.02 18.74 18.14 17.91 17.56 16.94 16.04 15.03 14.07 13.13 12.07 10.86 9.92 9.52 9.34 8.67 7.45 7.00 7.80 9.21 11.06 13.06 15.02 16.82 18.76 20.92 21.69 19.67 15.68 11.83 8.67 6.48 6.18 7.16 7.49 7.41 8.75 10.05 10.23 10.36 10.86 11.85 13.09 14.16 15.09 16.13 17.24 18.12 18.53 18.76 19.30 20.29 21.24 21.55 21.09 20.19 18.97 18.23 18.48 18.39 17.68 16.88 16.17 15.47 14.51 13.83 14.16 14.66 14.56
15.46 18.20 23.17 26.67 28.35 28.56 27.58 25.43 22.79 20.50 18.96 18.27 18.15 18.27 18.21 17.63 16.59 15.40 14.36 13.32 12.07 10.88 10.10 9.54 8.69 7.31 6.37 6.74 8.03 9.98 12.17 14.30 15.93 17.35 19.75 22.30 22.37 19.49 15.37 11.53 8.67 8.21 9.79 9.81 7.40 6.57 7.61 8.50 8.93 9.40 10.28 11.50 12.70 13.74 14.96 16.51 17.89 18.79 19.28 19.82 20.71 21.66 22.08 21.55 20.35 18.81 17.32 16.60 16.55 16.39 15.90 15.61 15.58 15.17 14.30 13.92 14.19 14.40
13.80 15.78 19.99 23.81 26.30 27.29 27.01 25.50 22.99 20.50 18.77 17.92 17.70 17.90 18.17 17.94 16.92 15.21 13.50 12.17 11.04 9.97 9.17 8.79 8.18 7.11 6.33 6.53 7.58 9.36 11.52 13.59 14.85 15.62 17.73 21.04 22.83 21.78 18.69 14.75 11.33 10.36 12.41 13.09 9.15 5.74 5.35 6.29 6.90 7.26 8.01 9.37 10.99 12.35 13.66 15.41 17.06 18.37 19.35 20.18 21.09 22.06 22.64 22.26 20.98 19.23 17.23 15.40 14.44 14.48 14.65 14.71 14.90 15.01 14.59 13.99 13.90 14.15
13.27 14.52 17.62 21.19 24.16 25.80 26.12 25.09 22.82 20.08 17.88 16.60 16.10 16.09 16.28 16.37 15.99 14.70 12.72 10.70 9.04 7.84 7.21 7.41 7.46 6.94 6.40 6.43 7.31 9.01 11.15 12.91 13.50 13.67 15.56 19.11 21.75 22.16 20.31 16.63 12.91 11.67 14.14 15.85 11.97 6.64 4.45 4.09 4.15 4.60 5.42 6.84 8.94 10.74 12.19 13.91 15.78 17.33 18.71 19.99 21.14 22.20 22.92 22.79 21.86 20.44 18.47 15.97 13.81 13.12 13.52 14.10 14.34 14.39 14.21 13.81 13.66 13.86
13.68 14.53 16.66 19.47 22.34 24.39 25.20 24.54 22.58 19.97 17.48 15.62 14.60 14.11 13.86 13.81 13.64 13.01 11.62 9.46 7.25 5.79 5.67 6.62 7.03 6.80 6.31 6.19 7.05 8.83 11.10 12.45 12.00 11.50 13.14 16.74 19.71 21.14 20.50 17.45 13.69 12.28 14.86 17.69 15.25 9.34 5.55 3.88 2.89 2.56 2.95 4.35 6.77 9.12 10.92 12.64 14.57 16.33 17.87 19.40 20.84 22.06 22.88 22.88 22.26 21.51 20.35 18.30 15.64 13.71 13.30 13.82 14.30 14.26 13.82 13.42 13.38 13.64
14.11 14.89 16.64 18.80 21.15 23.19 24.22 23.76 22.13 19.98 17.75 15.77 14.27 13.31 12.67 12.18 11.56 10.85 9.88 8.18 5.97 4.45 4.82 6.21 6.83 6.76 6.34 6.12 6.97 8.89 11.34 12.36 11.06 9.95 11.20 14.22 17.10 18.98 19.22 16.95 13.75 12.59 14.91 18.20 17.72 13.15 7.93 4.45 2.89 2.21 1.43 2.08 4.66 7.49 9.78 11.61 13.47 15.34 17.04 18.61 20.17 21.63 22.64 22.72 22.13 21.64 21.17 20.06 17.95 15.60 14.27 14.12 14.51 14.49 13.75 13.02 12.90 13.14
14.44 15.18 16.88 18.83 20.83 22.61 23.47 22.91 21.34 19.48 17.59 15.75 14.33 13.33 12.74 12.30 11.52 10.38 9.31 8.03 6.44 5.18 4.96 5.90 6.56 6.53 6.08 5.83 6.86 9.15 11.79 12.54 10.83 9.53 10.48 12.74 14.85 16.31 16.55 14.69 12.48 12.29 14.56 17.64 18.66 16.04 10.80 6.03 3.70 2.34 1.20 0.39 2.55 5.66 8.36 10.50 12.29 14.13 15.99 17.68 19.24 20.87 22.12 22.41 21.96 21.45 20.95 20.13 18.61 16.63 15.17 14.62 14.71 14.62 13.77 12.79 12.45 12.47
14.77 15.63 17.42 19.32 21.27 22.92 23.50 22.56 20.74 19.13 17.65 16.11 14.87 13.95 13.50 13.41 12.91 11.55 10.14 8.93 7.63 6.21 5.07 5.39 6.17 6.02 5.19 4.82 6.20 9.20 12.36 13.10 11.16 10.17 11.61 13.47 14.41 14.84 14.41 12.48 10.83 11.49 13.94 16.72 18.57 17.34 12.74 8.06 5.61 3.35 0.93 0.96 0.84 3.82 6.79 9.24 11.04 12.70 14.59 16.41 18.09 19.83 21.28 21.80 21.67 21.47 21.02 19.81 18.00 16.27 15.18 14.79 14.85 14.76 13.94 12.87 12.22 11.79
14.44 15.60 17.73 19.77 21.86 23.65 24.20 23.01 21.10 19.59 18.48 17.40 16.34 15.44 14.91 14.80 14.46 13.27 11.79 10.33 8.67 6.78 5.27 4.96 5.62 5.63 4.67 3.88 5.11 8.54 12.58 14.11 12.29 11.61 13.94 16.35 16.45 15.51 13.88 11.63 10.37 11.26 13.60 16.15 18.31 17.81 13.76 9.63 7.47 4.97 1.22 1.15 0.34 2.42 5.42 8.08 9.99 11.48 13.11 14.90 16.66 18.56 20.21 20.91 20.99 21.26 21.42 20.35 17.96 15.75 14.79 14.67 14.82 14.83 14.26 13.37 12.43 11.35
13.75 14.93 17.30 19.66 21.99 24.04 24.79 23.78 22.02 20.55 19.39 18.48 17.65 16.86 16.31 15.98 15.45 14.44 13.11 11.76 10.35 8.87 7.33 5.80 5.23 5.36 4.75 3.63 4.05 7.10 11.63 14.52 13.80 12.88 15.34 18.76 19.83 18.48 15.58 12.62 11.53 12.22 13.98 16.40 18.49 18.15 14.52 10.76 8.83 6.37 2.26 0.94 0.84 1.56 4.46 7.19 9.22 10.62 11.85 13.28 15.04 16.98 18.75 19.67 19.85 20.29 21.08 20.77 18.67 16.15 14.90 14.73 14.81 14.88 14.75 14.42 13.55 11.85
13.39 14.50 16.89 19.40 21.90 23.97 24.80 23.98 22.46 21.24 20.16 19.18 18.27 17.47 17.02 16.82 16.35 15.48 14.54 13.74 12.93 11.90 10.41 8.34 6.45 5.58 4.86 3.68 3.04 4.86 8.92 12.60 12.95 12.66 14.67 18.40 21.10 21.32 18.88 15.59 14.21 14.60 15.66 17.59 19.37 18.92 15.67 12.06 9.98 7.40 3.24 0.53 1.17 0.92 3.82 6.53 8.57 9.91 10.73 11.62 13.21 15.15 16.90 17.97 18.36 18.95 19.96 20.11 18.53 16.30 15.06 14.72 14.78 15.13 15.50 15.80 15.39 13.64
13.09 14.31 16.87 19.48 22.13 24.19 24.80 23.65 22.03 21.07 20.52 19.81 18.82 17.98 17.67 17.73 17.55 16.85 16.09 15.53 15.05 14.38 13.32 11.83 10.02 7.93 5.94 4.38 3.32 3.74 6.46 9.46 10.31 10.76 12.82 16.34 19.89 21.82 21.41 19.47 18.10 17.94 18.48 19.75 21.06 20.45 17.30 13.69 11.23 8.31 4.05 0.35 1.31 0.90 3.37 6.16 8.24 9.44 9.82 10.20 11.49 13.24 14.84 15.96 16.61 17.47 18.62 18.83 17.45 16.01 15.25 14.55 14.38 15.22 16.29 17.00 17.13 15.88
12.63 13.97 16.80 19.65 22.60 24.97 25.51 23.81 21.61 20.50 20.30 20.08 19.44 18.82 18.63 18.74 18.75 18.27 17.48 16.75 16.31 16.05 15.77 15.11 13.79 11.76 9.32 7.34 6.09 5.79 7.15 9.35 9.56 9.20 10.18 13.21 16.85 19.59 20.76 20.74 20.46 20.44 20.92 22.05 23.16 22.64 19.61 15.69 12.64 9.37 5.12 1.28 1.43 1.87 3.08 5.76 8.20 9.39 9.34 9.48 10.42 11.59 12.72 13.70 14.55 15.72 17.09 17.26 16.17 15.79 15.85 14.93 13.90 14.41 15.76 16.79 17.42 16.85
12.20 13.58 16.56 19.55 22.78 25.61 26.65 24.96 22.10 20.48 20.12 20.20 20.06 19.84 19.81 19.83 19.75 19.41 18.60 17.61 16.79 16.28 16.05 15.96 15.57 14.48 12.88 11.05 9.45 8.51 9.13 11.18 11.79 10.51 9.21 9.96 12.68 15.44 17.23 18.37 19.53 20.59 21.73 23.24 24.69 24.74 22.24 18.10 14.25 10.64 6.55 2.99 1.75 2.68 3.35 5.32 7.97 9.48 9.45 9.79 10.54 10.85 11.21 11.74 12.45 13.78 15.27 15.37 14.62 14.78 15.60 15.39 13.94 13.22 14.01 15.14 16.12 16.16
11.72 12.94 16.00 19.09 22.34 25.40 27.13 26.10 23.13 20.88 20.19 20.23 20.32 20.38 20.55 20.63 20.50 20.23 19.56 18.24 16.55 14.99 13.90 13.68 14.13 14.33 13.62 12.14 10.49 9.23 9.11 10.89 13.11 13.47 11.82 10.32 10.31 11.38 12.96 14.61 16.50 18.56 20.67 22.97 25.21 26.14 24.46 20.47 16.20 12.32 8.59 5.56 2.95 2.49 3.36 4.83 7.15 9.00 9.57 10.32 11.13 10.93 10.46 10.28 10.64 11.80 13.14 13.47 13.07 13.11 13.93 14.66 14.25 13.32 13.39 14.19 14.94 14.95
11.09 11.82 14.81 18.05 21.25 24.21 26.29 26.04 23.57 20.95 19.64 19.43 19.50 19.51 19.66 19.95 20.02 19.89 19.78 19.13 17.42 15.19 13.06 11.63 11.34 11.78 11.86 11.03 9.84 8.82 8.33 9.11 11.56 14.19 15.02 13.79 11.44 9.75 9.94 11.46 13.35 15.64 18.43 21.64 24.87 26.89 26.10 22.44 18.03 14.14 10.83 8.17 5.19 2.65 2.46 3.78 5.93 8.05 9.44 10.59 11.64 11.48 10.31 9.36 9.04 9.72 11.09 12.12 12.25 12.08 12.47 13.24 13.71 13.70 13.81 14.23 14.53 14.26
