data/subzone.asc
ncols        82
nrows        162
xllcorner    1011837.500000000000
yllcorner    6281462.500000000000
cellsize     25.000000000000
NODATA_value  -9999
[rows 76 to 94 of 162, columns 0 to 42 of 82]
248.07000732421875 251.7299957275390625 260.45001220703125 266.779998779296875 268.05999755859375 264.32000732421875 252.3300018310546875 236.279998779296875 219.8300018310546875 203.6699981689453125 189.839996337890625 188.8000030517578125 179.470001220703125 169.8600006103515625 175.0399932861328125 183.17999267578125 175.6199951171875 173.7899932861328125 173.6999969482421875 176.1300048828125 180.8699951171875 181.160003662109375 183.69000244140625 191.7400054931640625 199.529998779296875 206.9900054931640625 213.149993896484375 221.399993896484375 229.3899993896484375 241.42999267578125 252.5200042724609375 269.19000244140625 281.510009765625 291.579986572265625 301.649993896484375 309.899993896484375 317.17999267578125 324.42999267578125 327.8800048828125 329.350006103515625 335.55999755859375 336.350006103515625 332.720001220703125
260.260009765625 263.149993896484375 271.30999755859375 278.42999267578125 278.769989013671875 268.269989013671875 253.05999755859375 235.4600067138671875 220.9900054931640625 207.42999267578125 203.5500030517578125 200.4900054931640625 189.9799957275390625 176.30999755859375 168.82000732421875 171.0399932861328125 175.600006103515625 180.57000732421875 178.57000732421875 173.2100067138671875 176.7100067138671875 182.1699981689453125 189.470001220703125 195.1199951171875 201.42999267578125 209.8899993896484375 219.5500030517578125 228.4799957275390625 238.910003662109375 247.779998779296875 257.829986572265625 272.410003662109375 282.089996337890625 292.19000244140625 300.160003662109375 306.95001220703125 316.6199951171875 319.149993896484375 326.17999267578125 328.1400146484375 330.57000732421875 328 325.519989013671875
275.040008544921875 275.6400146484375 284.040008544921875 289.790008544921875 289.1099853515625 275.82000732421875 259.80999755859375 243.5500030517578125 229.029998779296875 214.1699981689453125 215.7599945068359375 206.1699981689453125 196.07000732421875 191.3800048828125 182.529998779296875 184.05999755859375 188.92999267578125 190.6100006103515625 183.0399932861328125 173.6100006103515625 176.910003662109375 183.2700042724609375 189.8300018310546875 195.9799957275390625 203.05999755859375 212.2599945068359375 220.3300018310546875 231.220001220703125 241.94000244140625 254.6999969482421875 267.029998779296875 278.649993896484375 287.739990234375 295.94000244140625 303.75 311.209991455078125 315.95001220703125 319.730010986328125 323.269989013671875 324.6300048828125 322.04998779296875 318.100006103515625 316.17999267578125
288.089996337890625 287.980010986328125 295.8800048828125 301.20001220703125 298.350006103515625 283.8900146484375 268.1400146484375 252.470001220703125 237.3800048828125 229.3000030517578125 227.470001220703125 215.6399993896484375 211.0800018310546875 203.67999267578125 200.25 200.8600006103515625 202.1199951171875 201.470001220703125 190.9799957275390625 176.9199981689453125 175.7700042724609375 180.850006103515625 186.3699951171875 195 202.57000732421875 212.1100006103515625 223.82000732421875 235.1100006103515625 243.1100006103515625 255.2599945068359375 270.290008544921875 281.829986572265625 290.410003662109375 298.540008544921875 306.82000732421875 312.269989013671875 317.1400146484375 319.589996337890625 318.980010986328125 316.910003662109375 310.600006103515625 308.07000732421875 308.1199951171875
303.269989013671875 301.05999755859375 305.970001220703125 311.649993896484375 306.32000732421875 291.790008544921875 275.649993896484375 257.79998779296875 246.1999969482421875 246.2100067138671875 238.8600006103515625 229.2100067138671875 226.600006103515625 218.17999267578125 218.1199951171875 215.07000732421875 214.8800048828125 210.970001220703125 196.5200042724609375 180.6399993896484375 174.80999755859375 178.69000244140625 187.1300048828125 196.55999755859375 203.4600067138671875 213.0500030517578125 224.720001220703125 234.3699951171875 245.2100067138671875 257.350006103515625 270.589996337890625 281.239990234375 289.769989013671875 298.529998779296875 306.850006103515625 312.279998779296875 316.75 316.44000244140625 310.730010986328125 307.230010986328125 300.529998779296875 297.79998779296875 299.010009765625
317.8599853515625 313.32000732421875 313.95001220703125 318.3699951171875 312.20001220703125 298.260009765625 282.170013427734375 268.510009765625 263.350006103515625 261.3900146484375 251.32000732421875 245.339996337890625 241.5099945068359375 233.7899932861328125 235.2700042724609375 232.42999267578125 227.2299957275390625 215.529998779296875 201.82000732421875 187.0099945068359375 177.6399993896484375 177.25 185.9900054931640625 194.0200042724609375 203.779998779296875 212.6399993896484375 223.5200042724609375 232.2899932861328125 242.2700042724609375 255.0399932861328125 265.80999755859375 275.95001220703125 285.399993896484375 296.220001220703125 305.079986572265625 311.269989013671875 313.459991455078125 307.3800048828125 301.1099853515625 295.67999267578125 290.07000732421875 287.3699951171875 290.160003662109375
331.70001220703125 324.790008544921875 322.040008544921875 326.029998779296875 319.980010986328125 306.54998779296875 294.519989013671875 284.8800048828125 280.019989013671875 275.220001220703125 264.6199951171875 263.8800048828125 256.459991455078125 251.1999969482421875 251.8300018310546875 247.32000732421875 236.8600006103515625 222.2899932861328125 211.2899932861328125 195.1300048828125 180.5800018310546875 177.649993896484375 182.3699951171875 194.899993896484375 203.5200042724609375 211.69000244140625 221.2899932861328125 227.350006103515625 235.720001220703125 247.0099945068359375 261.079986572265625 273.839996337890625 285.45001220703125 296.69000244140625 304.989990234375 309.779998779296875 308.1199951171875 298.3800048828125 289.30999755859375 283.230010986328125 278.209991455078125 276.6300048828125 281.839996337890625
343.95001220703125 334.220001220703125 331.95001220703125 334.480010986328125 329.69000244140625 319.6300048828125 308.600006103515625 301.480010986328125 296.42999267578125 287.82000732421875 282.540008544921875 280.790008544921875 272.149993896484375 268.829986572265625 266.510009765625 259.1199951171875 245.5500030517578125 235.4600067138671875 219.6399993896484375 202.44000244140625 186.2100067138671875 178.0800018310546875 178.8800048828125 191.0800018310546875 201.3000030517578125 207.0399932861328125 215.8800048828125 224.910003662109375 233.6699981689453125 245.5 259.769989013671875 272.470001220703125 284.790008544921875 296.17999267578125 303.20001220703125 305.709991455078125 300.29998779296875 288.79998779296875 279.489990234375 271.730010986328125 265.779998779296875 266.279998779296875 271.92999267578125
352.760009765625 345.1099853515625 343.040008544921875 343.6400146484375 341.30999755859375 332.1199951171875 324.45001220703125 317.70001220703125 310.67999267578125 303.019989013671875 300.730010986328125 295.540008544921875 288.350006103515625 285.040008544921875 278.8599853515625 266.980010986328125 253.410003662109375 244.2400054931640625 226.55999755859375 207.589996337890625 195.1199951171875 181.80999755859375 177.6199951171875 185.9199981689453125 196.339996337890625 202.44000244140625 214.339996337890625 223.0800018310546875 234.5500030517578125 246.9900054931640625 261.230010986328125 273.839996337890625 284.989990234375 294.779998779296875 301.1099853515625 302.05999755859375 293.079986572265625 280.70001220703125 271.54998779296875 261.160003662109375 254.5200042724609375 256.899993896484375 259.660003662109375
357.44000244140625 357.1300048828125 355.029998779296875 354.1099853515625 352.67999267578125 346.660003662109375 340.470001220703125 332.67999267578125 324.75 318.8900146484375 317.040008544921875 312.20001220703125 304.720001220703125 298.3599853515625 288.3900146484375 273.25 264.920013427734375 251 234.529998779296875 218 201.0200042724609375 187.80999755859375 179.589996337890625 179.3300018310546875 190.9199981689453125 201.2299957275390625 215.3899993896484375 225.100006103515625 238.3000030517578125 252.4600067138671875 265.80999755859375 276.3699951171875 286.079986572265625 294.6400146484375 298.459991455078125 296.579986572265625 287.05999755859375 277.269989013671875 263.670013427734375 249.3600006103515625 242.7400054931640625 245.55999755859375 247.0200042724609375
358.95001220703125 364.910003662109375 367.519989013671875 366.30999755859375 364.980010986328125 361.82000732421875 356.010009765625 347.649993896484375 340.32000732421875 335.959991455078125 331.920013427734375 326.04998779296875 317.959991455078125 307.20001220703125 293.269989013671875 285.6099853515625 273.44000244140625 256.160003662109375 237.4600067138671875 220.720001220703125 206.7400054931640625 194.2299957275390625 181.839996337890625 178.899993896484375 187.3800048828125 200.17999267578125 215.8699951171875 227.0800018310546875 240.7400054931640625 255.3300018310546875 267.980010986328125 277.769989013671875 286.95001220703125 294.3599853515625 295.739990234375 288.6400146484375 278.8900146484375 269.260009765625 256.720001220703125 243.80999755859375 232.07000732421875 231.3899993896484375 231.5399932861328125
361.04998779296875 369.6300048828125 374.6300048828125 377.420013427734375 376.67999267578125 374.920013427734375 369.920013427734375 362.410003662109375 355.989990234375 350.82000732421875 344.17999267578125 335.54998779296875 323.80999755859375 311.29998779296875 304.79998779296875 293.3900146484375 276.25 259.45001220703125 246.9799957275390625 233.4900054931640625 218.82000732421875 202.600006103515625 187.1399993896484375 180.410003662109375 181.6199951171875 195.1999969482421875 211.2700042724609375 226.55999755859375 240.0200042724609375 255.1999969482421875 267.45001220703125 276.970001220703125 285.670013427734375 292.1400146484375 293.589996337890625 284.589996337890625 272.769989013671875 260.019989013671875 250.2299957275390625 237.279998779296875 224.82000732421875 216.1100006103515625 214.75
360.920013427734375 370.07000732421875 377.730010986328125 383.660003662109375 385.510009765625 384.540008544921875 380.45001220703125 374.1400146484375 367.489990234375 358.6199951171875 348.079986572265625 337.519989013671875 328.410003662109375 321.540008544921875 312.040008544921875 298.510009765625 283.649993896484375 272.3800048828125 259.07000732421875 244.6300048828125 228.9499969482421875 210.600006103515625 193.6199951171875 181.7400054931640625 179.1699981689453125 192.0200042724609375 208.7299957275390625 221.6100006103515625 236.5099945068359375 251.410003662109375 263.3800048828125 275.1199951171875 283.69000244140625 286.920013427734375 287.279998779296875 283.010009765625 273.1099853515625 258.79998779296875 243.9199981689453125 230.529998779296875 217.1199951171875 206.67999267578125 210.0500030517578125
359.07000732421875 368.600006103515625 378.089996337890625 385.95001220703125 389.079986572265625 389.19000244140625 386.970001220703125 381.70001220703125 373.470001220703125 363.55999755859375 352.8800048828125 343.709991455078125 335.3699951171875 327.540008544921875 317.660003662109375 304.989990234375 292.029998779296875 279.30999755859375 265.6199951171875 251.2100067138671875 234.8300018310546875 217.0800018310546875 200.2400054931640625 185.160003662109375 180.2599945068359375 189.4499969482421875 203.3699951171875 217.0500030517578125 233.7899932861328125 248.1100006103515625 260.959991455078125 271.730010986328125 278.339996337890625 277.3900146484375 275 274.8900146484375 271.399993896484375 260.790008544921875 246.55999755859375 232.30999755859375 214.3000030517578125 206.7100067138671875 217.25
357.20001220703125 366.209991455078125 376.519989013671875 384.790008544921875 389.44000244140625 390.779998779296875 389.92999267578125 386.290008544921875 379.07000732421875 369.57000732421875 359.350006103515625 348.709991455078125 338.769989013671875 329.220001220703125 318.80999755859375 306.730010986328125 292.79998779296875 276.3599853515625 260.230010986328125 246.4799957275390625 233.5399932861328125 217.4199981689453125 199.4600067138671875 185.220001220703125 179.7899932861328125 188.9799957275390625 203.05999755859375 218.25 233.220001220703125 246.25 257.470001220703125 266.94000244140625 270.8800048828125 264.92999267578125 262.410003662109375 265.220001220703125 265.07000732421875 257.29998779296875 246.4799957275390625 232.1999969482421875 216.5800018310546875 206.6399993896484375 220.69000244140625
355.709991455078125 364.779998779296875 373.980010986328125 382.489990234375 388.730010986328125 392.1400146484375 392.709991455078125 390.29998779296875 383.019989013671875 372.1300048828125 360.1400146484375 347.470001220703125 336.44000244140625 324.80999755859375 314.339996337890625 302.100006103515625 290.600006103515625 276.230010986328125 259.470001220703125 243.9600067138671875 226.899993896484375 211.2400054931640625 193.600006103515625 179.4600067138671875 182.279998779296875 189.5 201.8699951171875 216.9199981689453125 231.660003662109375 243.600006103515625 253.8699951171875 261.010009765625 259.100006103515625 252.25 250.8300018310546875 255.8800048828125 255.4900054931640625 250.2400054931640625 242.350006103515625 228.3600006103515625 213.5800018310546875 206.32000732421875 223.779998779296875
359.70001220703125 367.209991455078125 374.17999267578125 382.769989013671875 390.17999267578125 395.3800048828125 396.8900146484375 394.70001220703125 387.100006103515625 374.92999267578125 359.459991455078125 342.3900146484375 330.279998779296875 317.6400146484375 305.29998779296875 293.45001220703125 281.260009765625 268.1400146484375 254.8300018310546875 239.80999755859375 223.0200042724609375 207.4600067138671875 191.8699951171875 180.2400054931640625 183.7400054931640625 189.850006103515625 201.2299957275390625 216.44000244140625 229.1100006103515625 239.649993896484375 248.4499969482421875 252.17999267578125 245.2400054931640625 238.6300048828125 236.8600006103515625 244.05999755859375 242.6300048828125 240.470001220703125 235.3600006103515625 224.2299957275390625 210.94000244140625 207.2400054931640625 224.0800018310546875
362.040008544921875 369.92999267578125 378.230010986328125 385.769989013671875 392.790008544921875 398.019989013671875 400.79998779296875 398.899993896484375 389.290008544921875 375.95001220703125 359.959991455078125 344.1199951171875 327.79998779296875 312.3699951171875 298.029998779296875 284.480010986328125 270.420013427734375 257.6099853515625 245.100006103515625 230.6699981689453125 214.5 199.160003662109375 189.910003662109375 179.7700042724609375 185.149993896484375 190.75 200.55999755859375 215.089996337890625 226.0399932861328125 234.6999969482421875 241.9799957275390625 243.1399993896484375 233.57000732421875 225.2299957275390625 224 226.339996337890625 227.75 228.3899993896484375 227.5 218.5099945068359375 208.410003662109375 210.42999267578125 225.75
364.42999267578125 373.529998779296875 382.239990234375 390.75 397.019989013671875 401.79998779296875 403.95001220703125 399.25 386.8800048828125 372.30999755859375 355.410003662109375 338.220001220703125 322.6199951171875 307.730010986328125 292.910003662109375 278.3800048828125 262.92999267578125 248.6999969482421875 238.2299957275390625 229.8699951171875 221.3300018310546875 212.720001220703125 198.0800018310546875 182.1100006103515625 184.4499969482421875 190.779998779296875 201.4199981689453125 212.0399932861328125 221.6100006103515625 228.8300018310546875 234.970001220703125 234.19000244140625 223.1199951171875 213.279998779296875 208.589996337890625 210.6300048828125 212.8800048828125 214.0200042724609375 213.160003662109375 209.75 205.8600006103515625 215.850006103515625 229.720001220703125
