data/subzone.asc
ncols        82
nrows        162
xllcorner    1011837.500000000000
yllcorner    6281462.500000000000
cellsize     25.000000000000
NODATA_value  -9999
[rows 0 to 18 of 162, columns 0 to 42 of 82]
119.01999664306640625 107.65000152587890625 94.55999755859375 83.720001220703125 96.6399993896484375 112.6999969482421875 122.68000030517578125 124.06999969482421875 114.23000335693359375 111.4199981689453125 125.6399993896484375 140.17999267578125 154.6399993896484375 167.8300018310546875 178.9499969482421875 191.42999267578125 200.660003662109375 207.55999755859375 213.3000030517578125 213.3300018310546875 208.4900054931640625 201.8699951171875 191.649993896484375 185.2700042724609375 176.9199981689453125 167 158.2599945068359375 153.82000732421875 170.6300048828125 184.1399993896484375 194.5099945068359375 204.3800048828125 212.69000244140625 220.649993896484375 226.9199981689453125 228.2599945068359375 226.75 233.7100067138671875 242.649993896484375 251.57000732421875 257.839996337890625 262.6199951171875 259.260009765625
109.31999969482421875 97.98999786376953125 91.06999969482421875 94.73999786376953125 108 115.15000152587890625 129.6399993896484375 133.3600006103515625 125.9199981689453125 121.839996337890625 127.05999755859375 141.7599945068359375 154.6199951171875 168.9900054931640625 178.8699951171875 192.4799957275390625 201.6999969482421875 210.5500030517578125 216.1199951171875 218.100006103515625 216.0399932861328125 210.5500030517578125 202.2599945068359375 198.5800018310546875 188.3600006103515625 174.1999969482421875 157.7899932861328125 161.470001220703125 176.660003662109375 186.55999755859375 195.7400054931640625 202.1300048828125 207.1100006103515625 212.589996337890625 214.350006103515625 216.1199951171875 222.4199981689453125 232.660003662109375 241.7100067138671875 250.529998779296875 258.5 265.339996337890625 264
121.9199981689453125 111.910003662109375 98.98000335693359375 100.19000244140625 117.59999847412109375 130.42999267578125 135.05999755859375 140.4499969482421875 139.5200042724609375 136.55999755859375 134.8899993896484375 144.94000244140625 161.2100067138671875 175.7299957275390625 186.2700042724609375 193.3699951171875 203.6300048828125 213.42999267578125 220.1699981689453125 223.9199981689453125 224.1699981689453125 219.69000244140625 212.8800048828125 207.67999267578125 193.4799957275390625 177.7700042724609375 161.7700042724609375 164.07000732421875 177.3300018310546875 185.6100006103515625 191.4900054931640625 196.0399932861328125 199.2299957275390625 200.779998779296875 202.399993896484375 212.2700042724609375 223.4799957275390625 232 240.5 249 258.079986572265625 265.8599853515625 267.80999755859375
133.160003662109375 118.45999908447265625 103.95999908447265625 110.73000335693359375 125.70999908447265625 140.399993896484375 145 148.600006103515625 150.2700042724609375 152.5399932861328125 149.8899993896484375 150.05999755859375 159.4900054931640625 178.4900054931640625 192.3600006103515625 201.1300048828125 207.5099945068359375 215.3699951171875 223.75 227.160003662109375 229.67999267578125 229.2400054931640625 223.2299957275390625 213.8300018310546875 199.57000732421875 183.970001220703125 171.720001220703125 163.660003662109375 169.2899932861328125 178.2400054931640625 183.67999267578125 184.0200042724609375 187.2100067138671875 194.149993896484375 205.8800048828125 215.279998779296875 226.1699981689453125 234.350006103515625 241.970001220703125 249.6999969482421875 257.230010986328125 264.079986572265625 267.519989013671875
135.4799957275390625 118.1699981689453125 108.87999725341796875 122.9499969482421875 135.4900054931640625 145.850006103515625 151.82000732421875 154.5200042724609375 161.3300018310546875 163.8600006103515625 164.910003662109375 167.05999755859375 170.9199981689453125 179.1100006103515625 190.07000732421875 201.44000244140625 211.0800018310546875 218.6999969482421875 225.6300048828125 230.8600006103515625 234.9900054931640625 235.6999969482421875 229.0500030517578125 216.2700042724609375 200.3699951171875 186.67999267578125 175 171.7400054931640625 171.3000030517578125 173.44000244140625 174.1999969482421875 180.839996337890625 183.5800018310546875 192.029998779296875 201.32000732421875 213.910003662109375 224.0800018310546875 231.9900054931640625 240.5399932861328125 247.57000732421875 253.2599945068359375 259.04998779296875 263.579986572265625
135.4499969482421875 120.0800018310546875 113.5800018310546875 130.82000732421875 144.9900054931640625 154.7899932861328125 157.5800018310546875 163.2100067138671875 169.30999755859375 173.2599945068359375 176.8800048828125 181.92999267578125 182.25 187.7400054931640625 194.600006103515625 202.6300048828125 213.3300018310546875 222.160003662109375 229.649993896484375 235.6199951171875 240.1999969482421875 240.19000244140625 230.4799957275390625 215.5099945068359375 201.100006103515625 189.55999755859375 178.6399993896484375 182.720001220703125 186.410003662109375 187.9799957275390625 188.970001220703125 192.8600006103515625 193.5200042724609375 187.4799957275390625 197.4900054931640625 210.4799957275390625 217.9499969482421875 226.5099945068359375 235.1399993896484375 242.44000244140625 247.92999267578125 251.6699981689453125 254.649993896484375
136.970001220703125 120.30999755859375 122.51000213623046875 139.0099945068359375 152.8699951171875 162.970001220703125 166.25 170.6100006103515625 175.1100006103515625 179.2100067138671875 185.649993896484375 192.0399932861328125 194.779998779296875 194.839996337890625 200.8000030517578125 207.3899993896484375 218.100006103515625 227.19000244140625 234.470001220703125 242.0099945068359375 245.1999969482421875 243.779998779296875 232.8000030517578125 218.17999267578125 203.7700042724609375 191.8000030517578125 181.899993896484375 189.8600006103515625 198.5099945068359375 204.5 205.7400054931640625 208.32000732421875 203.9499969482421875 195.55999755859375 194.4600067138671875 199.42999267578125 206.3000030517578125 220.0800018310546875 230.100006103515625 236.220001220703125 239.0200042724609375 240.8000030517578125 244.9900054931640625
136.6300048828125 119.1699981689453125 127.4499969482421875 142.6399993896484375 155.6699981689453125 166.1100006103515625 173.1999969482421875 179.5099945068359375 183.32000732421875 188.7599945068359375 193.850006103515625 200.2400054931640625 206.57000732421875 209.7400054931640625 210.1999969482421875 216.6399993896484375 222.2299957275390625 233.100006103515625 241.2299957275390625 246.1300048828125 248.839996337890625 242.75 230.3000030517578125 214.8000030517578125 200.410003662109375 189.07000732421875 189.029998779296875 199.0800018310546875 208.850006103515625 215.9799957275390625 220.75 221.970001220703125 214.55999755859375 205.9499969482421875 206.0399932861328125 206.470001220703125 205.9900054931640625 215.910003662109375 224.8899993896484375 225.2299957275390625 225.1699981689453125 231.220001220703125 238.1999969482421875
135.19000244140625 123.26000213623046875 123.470001220703125 141.1699981689453125 153.69000244140625 163.9799957275390625 173.589996337890625 181.05999755859375 184.9199981689453125 193.30999755859375 202.350006103515625 208.8000030517578125 216.30999755859375 220.5500030517578125 223.1699981689453125 224.5200042724609375 231.589996337890625 239.149993896484375 247.75 252.0500030517578125 250.5500030517578125 239.19000244140625 228.029998779296875 212.8300018310546875 199.5399932861328125 188.80999755859375 198.149993896484375 206.910003662109375 216.4900054931640625 226.2299957275390625 233.410003662109375 234.69000244140625 227.3800048828125 221.07000732421875 217.30999755859375 218.220001220703125 211.5399932861328125 210.30999755859375 216 218.5 224.2899932861328125 223.30999755859375 229.3899993896484375
136.7100067138671875 127.9499969482421875 122.029998779296875 136.839996337890625 153.2599945068359375 164.19000244140625 172.339996337890625 181.720001220703125 189.1999969482421875 195.779998779296875 202.6300048828125 210.75 218.779998779296875 224.57000732421875 231.0800018310546875 234.17999267578125 239.779998779296875 247.3800048828125 253.8000030517578125 257.220001220703125 251.0099945068359375 238.0399932861328125 224.6100006103515625 210.4900054931640625 198.2899932861328125 193.660003662109375 205.220001220703125 213.220001220703125 223.5399932861328125 233.600006103515625 242.8800048828125 246.55999755859375 240.910003662109375 235.1100006103515625 232.279998779296875 230.80999755859375 224.5 218.5399932861328125 222.57000732421875 225.779998779296875 229.69000244140625 229.5099945068359375 228.5099945068359375
144.910003662109375 132.529998779296875 132.1399993896484375 134.2899932861328125 150.1100006103515625 162.44000244140625 171.7299957275390625 182.5200042724609375 194.8000030517578125 203.5500030517578125 210.69000244140625 217.07000732421875 223.779998779296875 228.5800018310546875 235.4900054931640625 241.8699951171875 248.7899932861328125 255.30999755859375 259.54998779296875 259.160003662109375 248.839996337890625 234.910003662109375 221.05999755859375 208.5099945068359375 198.8300018310546875 202.55999755859375 213.07000732421875 224.589996337890625 232.779998779296875 239.82000732421875 249.3699951171875 255.779998779296875 257.1199951171875 253.0399932861328125 248.2400054931640625 243.399993896484375 234.5800018310546875 231.029998779296875 234.3000030517578125 234.6300048828125 235.8699951171875 237.220001220703125 234.5
147.80999755859375 135.55999755859375 142.67999267578125 144.1199951171875 147.5399932861328125 161.470001220703125 173.57000732421875 185.17999267578125 197.2100067138671875 207.25 216.2700042724609375 223.9600067138671875 231.30999755859375 237.9199981689453125 243.7100067138671875 249.32000732421875 256.410003662109375 262.279998779296875 264.19000244140625 260.959991455078125 247.7599945068359375 233.82000732421875 219.720001220703125 206.75 202.5500030517578125 213.529998779296875 221.6199951171875 232.07000732421875 240.160003662109375 248.7700042724609375 256.1099853515625 263.959991455078125 267.54998779296875 267.089996337890625 261.100006103515625 253.25 244.970001220703125 245.410003662109375 245.57000732421875 242.5399932861328125 242.7899932861328125 245.649993896484375 243.899993896484375
148.25 145.8800048828125 155.30999755859375 155.30999755859375 148.0500030517578125 157.75 173.350006103515625 185.7599945068359375 197.9900054931640625 207.8300018310546875 216.279998779296875 223.8800048828125 233.149993896484375 242.4900054931640625 249.2400054931640625 256.42999267578125 262.94000244140625 266.8800048828125 265.239990234375 258.350006103515625 246.399993896484375 234.1699981689453125 219.3800048828125 206.279998779296875 207.8000030517578125 218.399993896484375 227.82000732421875 237.75 247.1300048828125 256.040008544921875 264.45001220703125 271.209991455078125 275.720001220703125 276.769989013671875 272.279998779296875 263.790008544921875 258.239990234375 258.910003662109375 257.6099853515625 252.5 249.720001220703125 254.92999267578125 256.470001220703125
148.2100067138671875 146.3699951171875 159.7400054931640625 162.69000244140625 161.1399993896484375 160.0500030517578125 164.6399993896484375 178.7100067138671875 189.6399993896484375 201.2400054931640625 208.720001220703125 218.9900054931640625 229.779998779296875 239.3899993896484375 248.1399993896484375 258.540008544921875 265.920013427734375 266.920013427734375 260.329986572265625 251.19000244140625 241.0500030517578125 229.8800048828125 218.279998779296875 207.8600006103515625 211.6100006103515625 222.4499969482421875 232.82000732421875 242.25 252.05999755859375 260.8800048828125 268.30999755859375 277 282.290008544921875 283.3800048828125 280.459991455078125 275.350006103515625 270.510009765625 270.510009765625 267.6400146484375 259.57000732421875 259.3599853515625 264.57000732421875 267.8599853515625
157.7899932861328125 148.839996337890625 161.19000244140625 167.1300048828125 170.82000732421875 171.1199951171875 173.1199951171875 177.100006103515625 181.779998779296875 188.42999267578125 197.7899932861328125 212.470001220703125 222.55999755859375 235.649993896484375 246.2100067138671875 256.970001220703125 264.42999267578125 266.05999755859375 256.1400146484375 244.160003662109375 233.5 223.1999969482421875 216.1399993896484375 215.8800048828125 214.6199951171875 219.4199981689453125 230.9499969482421875 241.67999267578125 250.5399932861328125 258.8800048828125 267.3800048828125 276.040008544921875 282.170013427734375 287.04998779296875 289.6400146484375 287.459991455078125 283.29998779296875 281.29998779296875 274.989990234375 266.269989013671875 269.399993896484375 273.6300048828125 277.260009765625
167.9799957275390625 156.9199981689453125 166.720001220703125 175.5399932861328125 181.3000030517578125 185.8699951171875 190.57000732421875 191.4199981689453125 194.9900054931640625 196.1999969482421875 195.7299957275390625 202.1300048828125 214.529998779296875 230.17999267578125 241.42999267578125 251.850006103515625 260.739990234375 262.350006103515625 254.899993896484375 243.6399993896484375 231.3600006103515625 222.55999755859375 219.399993896484375 221.5200042724609375 222.2100067138671875 217.2400054931640625 224.399993896484375 233.850006103515625 243.6699981689453125 252.1300048828125 261.54998779296875 269.790008544921875 279.6099853515625 288.470001220703125 295.3900146484375 297.6099853515625 295.850006103515625 290.269989013671875 280.05999755859375 273.040008544921875 276.82000732421875 283.160003662109375 286.75
177.3800048828125 164.67999267578125 171.3300018310546875 182.899993896484375 192.589996337890625 198.7700042724609375 206.0800018310546875 209.4900054931640625 210.75 210.8699951171875 211.0500030517578125 210.589996337890625 219.55999755859375 226.25 236.4199981689453125 248 257.79998779296875 259.230010986328125 249.6699981689453125 238.30999755859375 229.07000732421875 224.42999267578125 226.7700042724609375 229.0200042724609375 230.57000732421875 225.9799957275390625 224.529998779296875 224.0099945068359375 231.7100067138671875 244.1300048828125 254.0200042724609375 266.07000732421875 276.779998779296875 287.399993896484375 296.579986572265625 303.1300048828125 305.350006103515625 297.980010986328125 288.980010986328125 284.089996337890625 286.07000732421875 291.6099853515625 294.660003662109375
181.42999267578125 169.029998779296875 169.80999755859375 185.8800048828125 198.2100067138671875 208.07000732421875 216.970001220703125 222.2599945068359375 224.720001220703125 225.05999755859375 225.19000244140625 219.94000244140625 231.7400054931640625 234.2299957275390625 239.94000244140625 248.2899932861328125 256.779998779296875 258.1300048828125 247.7299957275390625 236.6100006103515625 230.2100067138671875 233.779998779296875 234.80999755859375 236.6100006103515625 238.5200042724609375 236.94000244140625 234.2700042724609375 232.029998779296875 231.32000732421875 234.94000244140625 248.839996337890625 261.1300048828125 272.57000732421875 283.910003662109375 293.6400146484375 303.790008544921875 309.30999755859375 306.519989013671875 298.920013427734375 296.25 297.519989013671875 300.55999755859375 300.410003662109375
184.1300048828125 176 174.94000244140625 188.779998779296875 202.05999755859375 214.4799957275390625 224.470001220703125 232.07000732421875 237.3600006103515625 239.1199951171875 237.6399993896484375 234.2899932861328125 243.1999969482421875 247.3800048828125 252.779998779296875 256.94000244140625 261.040008544921875 256.910003662109375 248.75 241.399993896484375 237.7700042724609375 244.2100067138671875 245.600006103515625 245.589996337890625 246.910003662109375 247.8000030517578125 242.3000030517578125 241.3699951171875 240.17999267578125 237.399993896484375 243.8699951171875 256.17999267578125 265.489990234375 278.209991455078125 290.329986572265625 300.94000244140625 308.730010986328125 311.540008544921875 310.029998779296875 308.600006103515625 309.07000732421875 309.709991455078125 305.739990234375
