data/subzone.asc
ncols        82
nrows        162
xllcorner    1011837.500000000000
yllcorner    6281462.500000000000
cellsize     25.000000000000
NODATA_value  -9999
[rows 19 to 37 of 162, columns 0 to 42 of 82]
195.6399993896484375 185.19000244140625 179.05999755859375 190.55999755859375 203.5500030517578125 217.0399932861328125 230 239.5800018310546875 247.279998779296875 251.8899993896484375 251.2700042724609375 244.3300018310546875 253.7599945068359375 261.3599853515625 264.910003662109375 267.970001220703125 268.829986572265625 262.670013427734375 254.0099945068359375 248.1699981689453125 246.5399932861328125 254.1199951171875 257.019989013671875 256.6199951171875 256.850006103515625 255.1999969482421875 251.6300048828125 251.720001220703125 251.67999267578125 247.1199951171875 242.649993896484375 252.1999969482421875 264.290008544921875 276.010009765625 286.899993896484375 297.19000244140625 305.42999267578125 311.920013427734375 316.94000244140625 319.8800048828125 319.720001220703125 317.649993896484375 308.32000732421875
206.5099945068359375 195.3300018310546875 184.470001220703125 189.8000030517578125 203.32000732421875 218.80999755859375 231.850006103515625 243.2599945068359375 254.1300048828125 261.29998779296875 263.05999755859375 257.29998779296875 264.8800048828125 273.25 275.57000732421875 278.739990234375 277.739990234375 273.6199951171875 264.709991455078125 253.1300048828125 253.600006103515625 262.899993896484375 267.720001220703125 268.92999267578125 269.899993896484375 267.8900146484375 262.910003662109375 263.670013427734375 262.94000244140625 256.600006103515625 248.3699951171875 248.1100006103515625 260.829986572265625 272.489990234375 282.70001220703125 292.239990234375 300.95001220703125 311.82000732421875 320.160003662109375 325.20001220703125 325.959991455078125 319.470001220703125 307.44000244140625
215.5 202.6999969482421875 190.30999755859375 188.4499969482421875 203.3300018310546875 217.350006103515625 231.0500030517578125 243.5099945068359375 255.8600006103515625 267.489990234375 273.489990234375 270.3800048828125 274.730010986328125 283.6400146484375 285.540008544921875 287.70001220703125 287.57000732421875 285.019989013671875 273.57000732421875 261.239990234375 262.75 270.29998779296875 277.100006103515625 280.489990234375 282.209991455078125 281.149993896484375 277.329986572265625 277.079986572265625 274.1300048828125 264.040008544921875 254.149993896484375 252.1699981689453125 260.339996337890625 271.149993896484375 281.1300048828125 292.510009765625 303.6400146484375 313.95001220703125 322.260009765625 327.290008544921875 326.1400146484375 315.8900146484375 304.970001220703125
221.9499969482421875 207.17999267578125 196.7599945068359375 194.2299957275390625 202.1399993896484375 217.2599945068359375 231.3300018310546875 243.339996337890625 257.1199951171875 269.8800048828125 280.1199951171875 283.3900146484375 284.269989013671875 292.04998779296875 295.95001220703125 298.220001220703125 298.6199951171875 294.5 280.69000244140625 272.209991455078125 273.790008544921875 278.290008544921875 286.519989013671875 292.529998779296875 295.100006103515625 294.510009765625 292.589996337890625 290.55999755859375 283.910003662109375 272.6199951171875 262.1300048828125 262.489990234375 259.670013427734375 271.980010986328125 285.339996337890625 297.209991455078125 308.739990234375 316.260009765625 324.910003662109375 328.510009765625 324.489990234375 312.660003662109375 301.600006103515625
221.910003662109375 207.1199951171875 207.8000030517578125 203.82000732421875 200.850006103515625 212.9499969482421875 228.80999755859375 243.160003662109375 257.519989013671875 271.1199951171875 283.510009765625 291.95001220703125 294.220001220703125 299.649993896484375 307.1300048828125 310.1300048828125 309.850006103515625 301.260009765625 286.649993896484375 284.959991455078125 286.8599853515625 288.779998779296875 295.959991455078125 303.019989013671875 306.470001220703125 308.279998779296875 307.3900146484375 302.170013427734375 291.6099853515625 278.75 269.3900146484375 273.709991455078125 270.959991455078125 272.829986572265625 281.42999267578125 297.480010986328125 309.3800048828125 317.459991455078125 325.1400146484375 327.459991455078125 322.70001220703125 311.350006103515625 298.720001220703125
221.92999267578125 219.529998779296875 218.839996337890625 211.600006103515625 210.44000244140625 217.7100067138671875 223.3300018310546875 240.850006103515625 256.45001220703125 271.100006103515625 284.649993896484375 294.44000244140625 301.80999755859375 308.329986572265625 315.69000244140625 320.410003662109375 318.269989013671875 307.760009765625 299.57000732421875 297.1300048828125 298.25 300.670013427734375 306.720001220703125 313.45001220703125 318.8800048828125 322.29998779296875 320.480010986328125 313.70001220703125 298.410003662109375 286.470001220703125 281.70001220703125 285.45001220703125 283.470001220703125 281.970001220703125 282.709991455078125 295.79998779296875 306.30999755859375 315.010009765625 322.230010986328125 324.339996337890625 318.489990234375 308.079986572265625 297.850006103515625
235.1100006103515625 231.7599945068359375 228.1699981689453125 218.4900054931640625 221.2299957275390625 230.7599945068359375 230.8300018310546875 239.75 256.19000244140625 269.95001220703125 282.529998779296875 293.70001220703125 304.6199951171875 313.57000732421875 322.17999267578125 327.30999755859375 327.42999267578125 318.1300048828125 310.95001220703125 308.3699951171875 312.329986572265625 311.739990234375 318.8599853515625 325.100006103515625 330.720001220703125 334.3599853515625 331.80999755859375 319.75 305.6400146484375 294.660003662109375 294.04998779296875 296.670013427734375 297.510009765625 295.529998779296875 293.589996337890625 297.779998779296875 304.420013427734375 312.730010986328125 318.980010986328125 320.470001220703125 313.010009765625 303.739990234375 294.95001220703125
248.82000732421875 244.3600006103515625 236.5399932861328125 225.67999267578125 230.5 242 244.3699951171875 243.5800018310546875 252.220001220703125 267.32000732421875 281.600006103515625 293.529998779296875 306.600006103515625 316.55999755859375 326.149993896484375 333.510009765625 333.92999267578125 329.420013427734375 321.660003662109375 319.579986572265625 323.3699951171875 323.04998779296875 329.709991455078125 337.290008544921875 343.6199951171875 345.5 341.239990234375 326.8699951171875 313.1300048828125 302.6099853515625 306.6400146484375 310.519989013671875 311.1300048828125 307.660003662109375 304.459991455078125 306.19000244140625 306.089996337890625 310.1400146484375 316.010009765625 315.470001220703125 308.54998779296875 301.1400146484375 293.45001220703125
262.100006103515625 254.4499969482421875 243.9199981689453125 231.5200042724609375 237.720001220703125 251.399993896484375 258.730010986328125 259.05999755859375 262.04998779296875 269.089996337890625 283.420013427734375 297.100006103515625 308.07000732421875 319.57000732421875 329.44000244140625 337.089996337890625 341.600006103515625 337.82000732421875 332.970001220703125 332.3900146484375 334.42999267578125 334.829986572265625 338.04998779296875 345.589996337890625 354.67999267578125 357.209991455078125 348.32000732421875 335.45001220703125 322.959991455078125 316.70001220703125 319.829986572265625 324.279998779296875 324.20001220703125 319.899993896484375 316.8800048828125 317.32000732421875 314.30999755859375 313 313.6300048828125 308.720001220703125 301.510009765625 296.279998779296875 290.470001220703125
272.6400146484375 260.600006103515625 249.2899932861328125 239.7700042724609375 247.57000732421875 258.089996337890625 269.209991455078125 275.8699951171875 277.989990234375 279.29998779296875 290.470001220703125 301.42999267578125 311.3900146484375 323.260009765625 332.079986572265625 340.670013427734375 347 348.279998779296875 345.30999755859375 344.95001220703125 346.42999267578125 346.6199951171875 345.29998779296875 353.160003662109375 362.1099853515625 365.779998779296875 357.670013427734375 343.459991455078125 332.720001220703125 332.339996337890625 335.459991455078125 338.54998779296875 337.05999755859375 332.170013427734375 329.279998779296875 327.540008544921875 322.220001220703125 317.160003662109375 312.160003662109375 304.32000732421875 297.239990234375 294.1400146484375 292.910003662109375
280.790008544921875 266.25 254.6300048828125 249.5 257.8599853515625 268.07000732421875 276.69000244140625 284.92999267578125 290.079986572265625 289.510009765625 296.1199951171875 308.019989013671875 317.899993896484375 327.399993896484375 334.8599853515625 342.3900146484375 350.160003662109375 354.209991455078125 355.260009765625 357.57000732421875 359.149993896484375 358.089996337890625 355.739990234375 359.910003662109375 367.790008544921875 371.29998779296875 365.910003662109375 352.1400146484375 346.42999267578125 347.079986572265625 349.1300048828125 350.980010986328125 348.779998779296875 343.82000732421875 339.92999267578125 334.69000244140625 326.54998779296875 319.07000732421875 311.6199951171875 304.17999267578125 301.1099853515625 301.94000244140625 300.160003662109375
283.970001220703125 272.29998779296875 264.95001220703125 261.95001220703125 270.3599853515625 277.69000244140625 285.540008544921875 291.399993896484375 297.209991455078125 298.70001220703125 300.1400146484375 307.3599853515625 317.94000244140625 329.19000244140625 337.010009765625 344.040008544921875 349.959991455078125 355.480010986328125 360.339996337890625 364.8800048828125 368.510009765625 370.3699951171875 370.980010986328125 370.6099853515625 375.100006103515625 379.04998779296875 375.760009765625 365.6199951171875 360.989990234375 360.989990234375 361.19000244140625 362.3699951171875 358.739990234375 352.769989013671875 346.329986572265625 339.160003662109375 327.45001220703125 315.1099853515625 310.6199951171875 304.94000244140625 308.6099853515625 310.149993896484375 307.089996337890625
294.739990234375 283.579986572265625 280.260009765625 276.3800048828125 281.6400146484375 286.54998779296875 293.989990234375 298.30999755859375 303.1400146484375 304.980010986328125 306.589996337890625 314.790008544921875 321.910003662109375 328.829986572265625 337.19000244140625 343.970001220703125 348.160003662109375 353.32000732421875 360.089996337890625 366.69000244140625 373.040008544921875 378.589996337890625 382.149993896484375 383.69000244140625 385.45001220703125 388.17999267578125 385.94000244140625 377.989990234375 373.44000244140625 373.760009765625 373.160003662109375 371.510009765625 367.220001220703125 357.899993896484375 350.5 339.329986572265625 327.6300048828125 316.649993896484375 311.149993896484375 313.92999267578125 316.04998779296875 316.3599853515625 313.350006103515625
305.769989013671875 299.29998779296875 294.019989013671875 290.350006103515625 296.80999755859375 301.350006103515625 303.04998779296875 308.029998779296875 310.480010986328125 312.410003662109375 313.459991455078125 319.8699951171875 328.510009765625 334.399993896484375 339.1199951171875 342.850006103515625 344.45001220703125 350.209991455078125 356.920013427734375 365.100006103515625 373.70001220703125 381.8900146484375 388.3900146484375 393.399993896484375 395.839996337890625 396.089996337890625 395.989990234375 389.989990234375 385.670013427734375 384.739990234375 382.6199951171875 380.480010986328125 372.600006103515625 363.32000732421875 355.420013427734375 344.739990234375 332.829986572265625 321.079986572265625 319.260009765625 323 325.30999755859375 325.149993896484375 322.80999755859375
317.339996337890625 311.989990234375 306.1199951171875 303.8800048828125 305.519989013671875 307.5 311.350006103515625 315.209991455078125 315.6199951171875 318.980010986328125 321.6099853515625 326.829986572265625 334.769989013671875 339.660003662109375 340.8699951171875 340.69000244140625 339.209991455078125 344.989990234375 352.720001220703125 362.25 371.739990234375 381.07000732421875 390.20001220703125 396.829986572265625 399.649993896484375 403.660003662109375 403.6099853515625 400.829986572265625 397.040008544921875 394.910003662109375 392.170013427734375 388.05999755859375 379.6099853515625 369.269989013671875 359.3800048828125 346.970001220703125 332.209991455078125 328.470001220703125 329.589996337890625 332.94000244140625 336.79998779296875 335.649993896484375 332.899993896484375
324.30999755859375 318.010009765625 312.19000244140625 311.089996337890625 312.25 314.45001220703125 316.05999755859375 317.769989013671875 319.69000244140625 322.649993896484375 327.3699951171875 333.529998779296875 339.220001220703125 342.350006103515625 340.69000244140625 334.8599853515625 334.1199951171875 340.420013427734375 348.829986572265625 359.279998779296875 368.529998779296875 377.8900146484375 387.1199951171875 394.660003662109375 401.970001220703125 405.67999267578125 408.029998779296875 408.220001220703125 406.6099853515625 404.25 399.980010986328125 394.040008544921875 386.3800048828125 376.1099853515625 362.3699951171875 352 339.230010986328125 340.3599853515625 341 343.600006103515625 347.149993896484375 346.82000732421875 343.55999755859375
318.670013427734375 313.3699951171875 310.54998779296875 309.529998779296875 311.6099853515625 313.350006103515625 312.420013427734375 315.6099853515625 316.760009765625 322.29998779296875 330.19000244140625 337.3699951171875 343.94000244140625 344.670013427734375 337.540008544921875 331.8599853515625 331.839996337890625 335.790008544921875 344.600006103515625 354.30999755859375 363.760009765625 373.20001220703125 381.470001220703125 388.970001220703125 398.209991455078125 402.510009765625 407.600006103515625 410.8800048828125 411.279998779296875 410.75 407.230010986328125 401.6199951171875 394.160003662109375 383.489990234375 370.899993896484375 361.519989013671875 354.730010986328125 352.480010986328125 352.44000244140625 355.029998779296875 355.779998779296875 356.839996337890625 355.07000732421875
313.42999267578125 304.339996337890625 302.899993896484375 303.489990234375 304.1400146484375 304.010009765625 306 307.470001220703125 312.57000732421875 321.239990234375 330.329986572265625 340.540008544921875 346.959991455078125 345.69000244140625 336.05999755859375 326.1199951171875 325.239990234375 330.8900146484375 338.980010986328125 347.42999267578125 356.589996337890625 366.19000244140625 374.3900146484375 383.1300048828125 391.279998779296875 400.1400146484375 404.5 408.17999267578125 410.739990234375 411.80999755859375 410 406.3900146484375 400.480010986328125 389.69000244140625 380.459991455078125 372.350006103515625 365.80999755859375 364.269989013671875 363.730010986328125 363.04998779296875 364.3900146484375 365.19000244140625 363.94000244140625
311.029998779296875 300.209991455078125 296.540008544921875 294.980010986328125 296.029998779296875 295.989990234375 299.5 302.399993896484375 311.899993896484375 321.470001220703125 332.95001220703125 341.850006103515625 347.839996337890625 346.07000732421875 334.82000732421875 321.8800048828125 317.959991455078125 323.100006103515625 330.17999267578125 338.25 348.579986572265625 358.029998779296875 368.5 379.230010986328125 389.980010986328125 396.269989013671875 400.30999755859375 402.94000244140625 406.6400146484375 409.32000732421875 409.05999755859375 407.3800048828125 402.420013427734375 394.04998779296875 385.32000732421875 378.80999755859375 372.269989013671875 369.3800048828125 366.8599853515625 366.519989013671875 368.25 369.8699951171875 369.80999755859375
