data/subzone.asc
ncols        82
nrows        82
xllcorner    1004537.500000000000
yllcorner    6291912.500000000000
cellsize     25.000000000000
NODATA_value  -9999
[rows 60 to 79 of 82, columns 0 to 42 of 82]
465.079986572265625 466.899993896484375 469.089996337890625 471.519989013671875 473.730010986328125 475.489990234375 476.959991455078125 478.20001220703125 479.69000244140625 481.04998779296875 481.92999267578125 482.329986572265625 482.489990234375 482.6199951171875 482.720001220703125 482.779998779296875 482.8699951171875 482.95001220703125 482.95001220703125 482.80999755859375 482.45001220703125 481.8599853515625 481.170013427734375 480.290008544921875 479.339996337890625 478.519989013671875 477.92999267578125 477.55999755859375 477.350006103515625 477.220001220703125 477.05999755859375 476.910003662109375 476.69000244140625 476.3900146484375 475.989990234375 475.519989013671875 474.989990234375 474.470001220703125 474.029998779296875 473.720001220703125 473.57000732421875 473.57000732421875 473.69000244140625
463.230010986328125 464.829986572265625 467.029998779296875 469.510009765625 471.989990234375 474.1400146484375 475.94000244140625 477.55999755859375 479.329986572265625 480.730010986328125 481.55999755859375 481.920013427734375 482.04998779296875 482.1199951171875 482.1300048828125 482.089996337890625 482.04998779296875 481.980010986328125 481.829986572265625 481.670013427734375 481.350006103515625 480.82000732421875 480.089996337890625 479.100006103515625 477.8699951171875 476.829986572265625 476.17999267578125 475.82000732421875 475.70001220703125 475.670013427734375 475.54998779296875 475.42999267578125 475.260009765625 474.989990234375 474.6300048828125 474.170013427734375 473.660003662109375 473.170013427734375 472.760009765625 472.5 472.399993896484375 472.44000244140625 472.589996337890625
461.1099853515625 462.519989013671875 464.6199951171875 467.05999755859375 469.920013427734375 472.6199951171875 474.67999267578125 476.459991455078125 478.209991455078125 479.510009765625 480.540008544921875 481.170013427734375 481.470001220703125 481.55999755859375 481.410003662109375 481.209991455078125 481.07000732421875 480.94000244140625 480.70001220703125 480.3800048828125 480.089996337890625 479.6400146484375 478.959991455078125 478.010009765625 476.589996337890625 475.220001220703125 474.510009765625 474.149993896484375 474.1300048828125 474.160003662109375 474.07000732421875 473.980010986328125 473.850006103515625 473.6199951171875 473.290008544921875 472.8599853515625 472.3900146484375 471.94000244140625 471.55999755859375 471.339996337890625 471.269989013671875 471.339996337890625 471.529998779296875
457.8800048828125 459.269989013671875 461.220001220703125 463.8900146484375 467.149993896484375 470.19000244140625 472.42999267578125 474.260009765625 475.829986572265625 477 478.269989013671875 479.42999267578125 480.149993896484375 480.290008544921875 480.040008544921875 479.75 479.649993896484375 479.600006103515625 479.420013427734375 479.089996337890625 478.69000244140625 478.290008544921875 477.760009765625 476.959991455078125 475.57000732421875 474.1199951171875 473.170013427734375 472.660003662109375 472.660003662109375 472.739990234375 472.649993896484375 472.57000732421875 472.480010986328125 472.290008544921875 472 471.6099853515625 471.17999267578125 470.75 470.420013427734375 470.220001220703125 470.17999267578125 470.279998779296875 470.5
452.82000732421875 454.25 456.290008544921875 459.45001220703125 462.970001220703125 465.94000244140625 468.3800048828125 470.459991455078125 472.04998779296875 473.269989013671875 474.54998779296875 476 477.029998779296875 477.30999755859375 477.040008544921875 476.899993896484375 477.20001220703125 477.529998779296875 477.67999267578125 477.55999755859375 477.279998779296875 476.8800048828125 476.480010986328125 475.959991455078125 474.779998779296875 473.44000244140625 472.239990234375 471.459991455078125 471.339996337890625 471.42999267578125 471.30999755859375 471.239990234375 471.160003662109375 471.019989013671875 470.769989013671875 470.42999267578125 470.029998779296875 469.6400146484375 469.32000732421875 469.1400146484375 469.1300048828125 469.25 469.489990234375
446.30999755859375 447.95001220703125 450.20001220703125 453.3599853515625 456.739990234375 459.75 462.57000732421875 465.040008544921875 466.850006103515625 468.489990234375 469.709991455078125 471 471.910003662109375 472.089996337890625 472 472.089996337890625 472.970001220703125 474.17999267578125 475.029998779296875 475.480010986328125 475.6099853515625 475.470001220703125 475.17999267578125 474.910003662109375 474.05999755859375 472.839996337890625 471.6099853515625 470.6400146484375 470.209991455078125 470.20001220703125 470.05999755859375 469.989990234375 469.94000244140625 469.839996337890625 469.6300048828125 469.329986572265625 468.959991455078125 468.579986572265625 468.230010986328125 468.05999755859375 468.05999755859375 468.19000244140625 468.45001220703125
438.1099853515625 440.350006103515625 443.1300048828125 446.540008544921875 449.899993896484375 452.970001220703125 456.040008544921875 458.6099853515625 460.3699951171875 462.8699951171875 464.3699951171875 465.420013427734375 465.82000732421875 465.75 465.67999267578125 465.839996337890625 467.089996337890625 469.1300048828125 471.05999755859375 472.420013427734375 473.3699951171875 473.829986572265625 473.850006103515625 473.720001220703125 473.149993896484375 472.1400146484375 471.019989013671875 470 469.29998779296875 469.079986572265625 468.910003662109375 468.829986572265625 468.79998779296875 468.739990234375 468.579986572265625 468.32000732421875 467.980010986328125 467.57000732421875 467.209991455078125 467.029998779296875 467.019989013671875 467.149993896484375 467.44000244140625
426.980010986328125 430.279998779296875 434.1300048828125 438.55999755859375 442.480010986328125 445.720001220703125 449.32000732421875 452.410003662109375 454.670013427734375 457.040008544921875 458.420013427734375 459.459991455078125 459.779998779296875 459.660003662109375 459.649993896484375 459.69000244140625 460.80999755859375 463.30999755859375 465.980010986328125 468.3800048828125 470.420013427734375 471.79998779296875 472.3900146484375 472.3800048828125 471.899993896484375 471.100006103515625 470.160003662109375 469.239990234375 468.510009765625 468.07000732421875 467.829986572265625 467.75 467.739990234375 467.730010986328125 467.6199951171875 467.3800048828125 467.04998779296875 466.670013427734375 466.350006103515625 466.149993896484375 466.05999755859375 466.170013427734375 466.5
411.739990234375 416.589996337890625 421.79998779296875 427.760009765625 432.92999267578125 436.80999755859375 441.010009765625 445.540008544921875 447.589996337890625 449.8800048828125 452 453.30999755859375 453.94000244140625 453.989990234375 454.290008544921875 454.829986572265625 456.100006103515625 458.32000732421875 461.1099853515625 464.1300048828125 467.1400146484375 469.489990234375 470.760009765625 471.1199951171875 470.779998779296875 470.019989013671875 469.1199951171875 468.290008544921875 467.600006103515625 467.089996337890625 466.79998779296875 466.69000244140625 466.75 466.850006103515625 466.779998779296875 466.55999755859375 466.220001220703125 465.8699951171875 465.55999755859375 465.279998779296875 465.04998779296875 465.1300048828125 465.589996337890625
392.8699951171875 399.649993896484375 406.19000244140625 413.269989013671875 419.67999267578125 424.720001220703125 429.54998779296875 434.3900146484375 439.1099853515625 442.6199951171875 445.3800048828125 447.3599853515625 448.6199951171875 449.160003662109375 449.80999755859375 450.839996337890625 452.30999755859375 454.44000244140625 457.1400146484375 460.5 464.079986572265625 467.089996337890625 468.959991455078125 469.75 469.70001220703125 469.04998779296875 468.149993896484375 467.269989013671875 466.579986572265625 466.04998779296875 465.720001220703125 465.670013427734375 465.8599853515625 466.05999755859375 466.05999755859375 465.829986572265625 465.459991455078125 465.100006103515625 464.779998779296875 464.459991455078125 464.05999755859375 464.079986572265625 464.730010986328125
372.959991455078125 381.989990234375 389.579986572265625 396.6199951171875 403.1300048828125 409.209991455078125 415.69000244140625 422.07000732421875 428.20001220703125 433.3900146484375 437.70001220703125 440.899993896484375 443.239990234375 444.850006103515625 446.07000732421875 447.480010986328125 449.079986572265625 451.170013427734375 454.040008544921875 457.54998779296875 461.230010986328125 464.44000244140625 466.760009765625 468.019989013671875 468.350006103515625 467.95001220703125 467.1300048828125 466.239990234375 465.5 464.94000244140625 464.660003662109375 464.739990234375 465.04998779296875 465.350006103515625 465.3900146484375 465.1300048828125 464.730010986328125 464.3699951171875 464.1199951171875 463.899993896484375 463.32000732421875 463.420013427734375 463.959991455078125
352.079986572265625 361.8900146484375 371.3699951171875 379.839996337890625 386.760009765625 393.019989013671875 400.57000732421875 408.790008544921875 416.1300048828125 422.589996337890625 428 432.350006103515625 436.170013427734375 439.55999755859375 442.17999267578125 444.480010986328125 446.3800048828125 448.540008544921875 451.480010986328125 454.94000244140625 458.3900146484375 461.510009765625 464.04998779296875 465.730010986328125 466.55999755859375 466.54998779296875 465.920013427734375 465.079986572265625 464.339996337890625 463.80999755859375 463.6199951171875 463.839996337890625 464.260009765625 464.600006103515625 464.6400146484375 464.410003662109375 464 463.649993896484375 463.459991455078125 463.25 462.92999267578125 462.8900146484375 463.230010986328125
332.839996337890625 342.459991455078125 353.1400146484375 362.579986572265625 370.269989013671875 377.19000244140625 385.760009765625 395.1300048828125 403.79998779296875 411.149993896484375 416.980010986328125 421.910003662109375 426.79998779296875 431.8699951171875 436.779998779296875 440.67999267578125 443.3800048828125 446 448.959991455078125 452.149993896484375 455.399993896484375 458.470001220703125 461.029998779296875 462.980010986328125 464.290008544921875 464.75 464.420013427734375 463.730010986328125 463.089996337890625 462.6300048828125 462.540008544921875 462.8599853515625 463.3900146484375 463.739990234375 463.769989013671875 463.6099853515625 463.220001220703125 462.8699951171875 462.660003662109375 462.489990234375 462.279998779296875 462.269989013671875 462.55999755859375
315.980010986328125 325.17999267578125 336.269989013671875 345.6199951171875 353.75 361.94000244140625 371.850006103515625 382.029998779296875 391.350006103515625 399.089996337890625 405.100006103515625 410.420013427734375 416.149993896484375 422.540008544921875 428.8699951171875 434.209991455078125 438.269989013671875 441.95001220703125 445.3800048828125 448.69000244140625 452.100006103515625 455.279998779296875 457.8900146484375 460.05999755859375 461.82000732421875 462.709991455078125 462.670013427734375 462.239990234375 461.739990234375 461.3599853515625 461.339996337890625 461.790008544921875 462.470001220703125 462.850006103515625 462.8599853515625 462.739990234375 462.44000244140625 462.07000732421875 461.850006103515625 461.69000244140625 461.600006103515625 461.67999267578125 461.910003662109375
300.6400146484375 309.07000732421875 319.29998779296875 329.3699951171875 338.910003662109375 347.75 358.230010986328125 369.19000244140625 378.989990234375 386.70001220703125 392.730010986328125 398.649993896484375 405.29998779296875 412.55999755859375 419.420013427734375 425.29998779296875 430.54998779296875 435.480010986328125 439.899993896484375 444.04998779296875 448.160003662109375 451.70001220703125 454.519989013671875 457.010009765625 459.279998779296875 460.540008544921875 460.70001220703125 460.540008544921875 460.269989013671875 459.980010986328125 460.07000732421875 460.739990234375 461.6400146484375 462.1099853515625 462.1099853515625 461.94000244140625 461.670013427734375 461.30999755859375 461.100006103515625 461.019989013671875 461.010009765625 461.1099853515625 461.29998779296875
286.1300048828125 292.670013427734375 301.230010986328125 312.6400146484375 324.75 334.730010986328125 344.779998779296875 356.019989013671875 366.720001220703125 374.79998779296875 380.8800048828125 387.239990234375 394.55999755859375 402.279998779296875 409.239990234375 415.29998779296875 421.07000732421875 426.790008544921875 432.239990234375 437.6400146484375 442.970001220703125 447.410003662109375 450.769989013671875 453.6400146484375 456.239990234375 457.8699951171875 458.3599853515625 458.45001220703125 458.410003662109375 458.329986572265625 458.769989013671875 459.839996337890625 460.980010986328125 461.529998779296875 461.510009765625 461.25 460.899993896484375 460.589996337890625 460.420013427734375 460.3699951171875 460.420013427734375 460.529998779296875 460.730010986328125
272.67999267578125 276.8800048828125 283.44000244140625 294.519989013671875 307.579986572265625 319.040008544921875 329.980010986328125 342.07000732421875 354.100006103515625 363.540008544921875 370.279998779296875 376.6199951171875 383.850006103515625 391.329986572265625 398.149993896484375 404.459991455078125 410.69000244140625 416.850006103515625 422.980010986328125 429.42999267578125 436.1199951171875 441.959991455078125 446.3699951171875 449.790008544921875 452.600006103515625 454.399993896484375 455.25 455.70001220703125 455.92999267578125 456.339996337890625 457.410003662109375 458.970001220703125 460.279998779296875 460.8699951171875 460.92999267578125 460.67999267578125 460.239990234375 459.8800048828125 459.730010986328125 459.739990234375 459.839996337890625 459.959991455078125 460.17999267578125
262.5 263.959991455078125 268.489990234375 276.899993896484375 287.510009765625 298.519989013671875 310.1400146484375 323.519989013671875 338.649993896484375 352.3599853515625 361.45001220703125 367.779998779296875 374.239990234375 380.6400146484375 386.8900146484375 393.3800048828125 400.1199951171875 406.75 413.3699951171875 420.420013427734375 427.8900146484375 435.029998779296875 441.260009765625 446.079986572265625 449.209991455078125 450.989990234375 452.079986572265625 452.839996337890625 453.42999267578125 454.470001220703125 456.149993896484375 458.040008544921875 459.420013427734375 460.160003662109375 460.44000244140625 460.29998779296875 459.82000732421875 459.44000244140625 459.269989013671875 459.25 459.32000732421875 459.5 459.70001220703125
255.5099945068359375 254.44000244140625 257.019989013671875 261.92999267578125 266.029998779296875 274.970001220703125 286 298.709991455078125 315.230010986328125 340.25 353.519989013671875 361.079986572265625 366.519989013671875 371.579986572265625 377.05999755859375 383.019989013671875 390.079986572265625 396.75 403.8800048828125 411.170013427734375 418.92999267578125 426.790008544921875 435.529998779296875 442.760009765625 446.160003662109375 447.75 448.769989013671875 450.20001220703125 451.089996337890625 452.989990234375 455.1300048828125 457.1099853515625 458.279998779296875 459.17999267578125 459.80999755859375 460.269989013671875 459.55999755859375 459.3900146484375 459.42999267578125 459.1300048828125 458.720001220703125 459.510009765625 459.3699951171875
241.8300018310546875 242.3800048828125 244.3699951171875 245.67999267578125 248.2100067138671875 256.230010986328125 264.82000732421875 274.339996337890625 291.959991455078125 316.20001220703125 337.899993896484375 350.55999755859375 357.70001220703125 362.029998779296875 366.25 372.329986572265625 378.5 384.970001220703125 392.82000732421875 401.410003662109375 409.75 418.339996337890625 427.529998779296875 435.92999267578125 440.80999755859375 442.079986572265625 442.269989013671875 444.6199951171875 447.989990234375 451.92999267578125 453.239990234375 455.420013427734375 456.989990234375 459.1099853515625 458.75 459.04998779296875 458.779998779296875 458.850006103515625 458.82000732421875 458.399993896484375 458.290008544921875 458.8699951171875 459.5
