data/subzone_270_8_25m_vel.asc
ncols	83
nrows	83
xllcorner	1004537.500000
yllcorner	6291912.500000
cellsize	25.000000
NODATA_value	-9999.000000
[rows 35 to 69 of 83, columns 0 to 78 of 83]
9.53 9.65 9.94 10.36 10.86 11.30 11.56 11.63 11.54 11.31 11.05 10.85 10.75 10.71 10.67 10.63 10.60 10.55 10.49 10.43 10.40 10.38 10.37 10.37 10.35 10.31 10.24 10.15 10.07 9.99 9.95 9.93 9.94 9.97 10.03 10.11 10.20 10.30 10.38 10.43 10.44 10.43 10.38 10.32 10.25 10.18 10.12 10.05 9.97 9.89 9.82 9.78 9.76 9.77 9.81 9.87 9.95 10.03 10.09 10.14 10.18 10.25 10.31 10.31 10.26 10.19 10.09 9.93 9.75 9.60 9.54 9.60 9.72 9.82 9.85 9.95 10.37 10.91 11.25
9.54 9.66 9.93 10.32 10.85 11.31 11.51 11.49 11.36 11.13 10.90 10.75 10.67 10.63 10.60 10.59 10.59 10.56 10.52 10.48 10.45 10.44 10.44 10.43 10.42 10.39 10.33 10.25 10.16 10.08 10.02 9.98 9.97 9.98 10.02 10.09 10.18 10.27 10.35 10.40 10.42 10.41 10.36 10.30 10.24 10.18 10.13 10.07 10.00 9.93 9.85 9.79 9.75 9.74 9.77 9.83 9.91 10.01 10.09 10.15 10.20 10.25 10.29 10.27 10.22 10.15 10.06 9.90 9.70 9.52 9.45 9.49 9.59 9.63 9.62 9.87 10.54 11.21 11.57
9.56 9.67 9.91 10.29 10.82 11.28 11.44 11.36 11.19 10.98 10.78 10.66 10.59 10.55 10.53 10.55 10.58 10.58 10.57 10.54 10.52 10.51 10.51 10.50 10.48 10.45 10.40 10.33 10.25 10.17 10.10 10.04 10.00 10.00 10.02 10.08 10.16 10.25 10.33 10.38 10.40 10.38 10.34 10.28 10.22 10.17 10.13 10.09 10.03 9.96 9.88 9.81 9.75 9.72 9.73 9.79 9.88 9.98 10.08 10.15 10.21 10.24 10.25 10.20 10.14 10.09 10.02 9.87 9.63 9.44 9.36 9.38 9.42 9.41 9.43 9.86 10.69 11.38 11.81
9.59 9.67 9.89 10.27 10.80 11.22 11.33 11.24 11.06 10.85 10.67 10.56 10.50 10.45 10.46 10.51 10.57 10.61 10.62 10.61 10.59 10.58 10.57 10.57 10.55 10.51 10.46 10.39 10.32 10.24 10.16 10.09 10.04 10.01 10.02 10.07 10.15 10.24 10.31 10.36 10.38 10.36 10.31 10.26 10.20 10.16 10.13 10.09 10.05 9.98 9.90 9.82 9.75 9.70 9.70 9.75 9.84 9.95 10.06 10.15 10.21 10.22 10.19 10.11 10.04 10.00 9.96 9.82 9.56 9.36 9.29 9.29 9.27 9.24 9.36 9.91 10.76 11.44 11.94
9.62 9.67 9.86 10.25 10.76 11.13 11.22 11.13 10.96 10.74 10.57 10.46 10.39 10.36 10.39 10.47 10.57 10.65 10.69 10.69 10.68 10.66 10.65 10.63 10.60 10.57 10.51 10.45 10.37 10.30 10.21 10.13 10.07 10.03 10.03 10.07 10.14 10.23 10.30 10.34 10.36 10.33 10.29 10.24 10.19 10.15 10.12 10.10 10.06 10.00 9.92 9.84 9.75 9.70 9.69 9.72 9.81 9.92 10.04 10.15 10.21 10.20 10.13 10.00 9.89 9.87 9.87 9.73 9.47 9.29 9.25 9.24 9.22 9.20 9.38 9.97 10.80 11.45 11.98
9.66 9.69 9.85 10.22 10.69 11.03 11.13 11.05 10.87 10.64 10.46 10.36 10.28 10.26 10.32 10.43 10.56 10.68 10.76 10.79 10.78 10.75 10.72 10.69 10.65 10.61 10.55 10.48 10.41 10.34 10.25 10.17 10.10 10.05 10.04 10.08 10.14 10.22 10.29 10.33 10.34 10.31 10.27 10.22 10.17 10.14 10.11 10.09 10.06 10.01 9.94 9.85 9.77 9.70 9.68 9.71 9.78 9.89 10.02 10.13 10.20 10.19 10.10 9.92 9.75 9.72 9.74 9.58 9.34 9.24 9.27 9.31 9.30 9.26 9.43 10.02 10.83 11.46 12.01
9.69 9.71 9.85 10.18 10.61 10.94 11.06 10.97 10.77 10.54 10.37 10.26 10.19 10.18 10.25 10.38 10.54 10.70 10.83 10.91 10.91 10.86 10.80 10.75 10.69 10.63 10.57 10.51 10.44 10.36 10.28 10.19 10.12 10.07 10.06 10.09 10.14 10.21 10.28 10.31 10.32 10.29 10.25 10.20 10.15 10.12 10.10 10.09 10.06 10.02 9.95 9.87 9.78 9.71 9.68 9.70 9.76 9.87 10.00 10.11 10.17 10.16 10.07 9.86 9.63 9.56 9.56 9.37 9.16 9.19 9.37 9.51 9.49 9.38 9.48 10.04 10.84 11.48 12.08
9.72 9.74 9.86 10.15 10.53 10.84 10.95 10.86 10.66 10.45 10.29 10.19 10.12 10.12 10.20 10.33 10.50 10.69 10.89 11.04 11.08 11.00 10.89 10.80 10.71 10.65 10.58 10.52 10.45 10.38 10.30 10.21 10.13 10.08 10.07 10.10 10.15 10.21 10.27 10.30 10.30 10.28 10.24 10.19 10.14 10.11 10.10 10.08 10.06 10.02 9.95 9.87 9.79 9.71 9.68 9.69 9.75 9.85 9.96 10.07 10.13 10.13 10.04 9.84 9.58 9.44 9.35 9.11 8.95 9.14 9.52 9.79 9.78 9.55 9.54 10.06 10.84 11.50 12.14
9.75 9.79 9.90 10.13 10.45 10.71 10.80 10.70 10.54 10.39 10.26 10.16 10.09 10.09 10.16 10.28 10.45 10.65 10.90 11.14 11.27 11.17 10.99 10.83 10.72 10.65 10.59 10.53 10.46 10.38 10.30 10.22 10.14 10.10 10.08 10.10 10.15 10.21 10.26 10.29 10.30 10.28 10.24 10.19 10.14 10.11 10.08 10.07 10.05 10.01 9.95 9.87 9.79 9.72 9.68 9.68 9.74 9.82 9.93 10.02 10.07 10.07 10.01 9.83 9.56 9.33 9.10 8.84 8.80 9.13 9.67 10.09 10.12 9.81 9.68 10.12 10.83 11.50 12.18
9.79 9.84 9.95 10.12 10.36 10.56 10.60 10.52 10.44 10.36 10.26 10.15 10.08 10.08 10.14 10.25 10.40 10.60 10.88 11.20 11.42 11.34 11.09 10.87 10.74 10.66 10.60 10.54 10.47 10.39 10.31 10.22 10.15 10.11 10.10 10.12 10.16 10.21 10.26 10.29 10.29 10.27 10.24 10.19 10.14 10.10 10.07 10.05 10.03 10.00 9.94 9.87 9.79 9.72 9.68 9.68 9.72 9.80 9.89 9.96 10.01 10.01 9.97 9.83 9.55 9.21 8.85 8.62 8.72 9.17 9.82 10.36 10.45 10.11 9.91 10.24 10.84 11.49 12.20
9.81 9.89 10.00 10.11 10.27 10.38 10.39 10.37 10.37 10.35 10.27 10.18 10.11 10.10 10.15 10.24 10.38 10.57 10.86 11.22 11.47 11.42 11.17 10.94 10.78 10.68 10.62 10.55 10.47 10.39 10.31 10.23 10.17 10.12 10.11 10.12 10.16 10.21 10.25 10.28 10.29 10.27 10.24 10.19 10.13 10.09 10.06 10.04 10.01 9.98 9.93 9.86 9.78 9.72 9.68 9.68 9.71 9.77 9.84 9.90 9.94 9.95 9.93 9.82 9.52 9.08 8.64 8.47 8.70 9.25 9.97 10.57 10.71 10.41 10.21 10.43 10.92 11.53 12.21
9.80 9.90 10.03 10.10 10.17 10.21 10.22 10.26 10.34 10.35 10.30 10.22 10.16 10.14 10.18 10.26 10.39 10.57 10.86 11.21 11.44 11.42 11.23 11.01 10.84 10.73 10.65 10.57 10.49 10.40 10.32 10.25 10.18 10.13 10.11 10.13 10.16 10.20 10.25 10.28 10.29 10.27 10.24 10.19 10.13 10.09 10.05 10.02 10.00 9.96 9.91 9.84 9.77 9.71 9.67 9.67 9.69 9.74 9.80 9.84 9.87 9.88 9.87 9.77 9.47 8.98 8.52 8.40 8.72 9.35 10.09 10.70 10.87 10.67 10.56 10.71 11.08 11.64 12.25
9.75 9.88 10.03 10.07 10.07 10.06 10.09 10.20 10.32 10.35 10.31 10.26 10.22 10.20 10.22 10.30 10.42 10.59 10.86 11.16 11.35 11.37 11.24 11.07 10.91 10.79 10.70 10.61 10.51 10.42 10.34 10.27 10.20 10.14 10.11 10.12 10.14 10.19 10.24 10.27 10.28 10.27 10.23 10.19 10.13 10.08 10.04 10.01 9.98 9.94 9.89 9.82 9.75 9.70 9.66 9.65 9.67 9.71 9.75 9.79 9.80 9.80 9.79 9.69 9.40 8.92 8.48 8.40 8.78 9.44 10.16 10.72 10.92 10.88 10.90 11.05 11.34 11.82 12.31
9.67 9.81 9.98 10.02 9.99 9.96 10.01 10.16 10.31 10.35 10.34 10.31 10.28 10.26 10.28 10.34 10.45 10.62 10.85 11.10 11.26 11.30 11.23 11.10 10.97 10.85 10.75 10.65 10.54 10.45 10.36 10.29 10.22 10.15 10.11 10.11 10.13 10.17 10.23 10.26 10.27 10.26 10.23 10.18 10.13 10.08 10.04 10.00 9.97 9.93 9.87 9.80 9.73 9.68 9.65 9.64 9.66 9.68 9.71 9.74 9.74 9.72 9.68 9.57 9.31 8.90 8.52 8.47 8.85 9.48 10.15 10.67 10.93 11.05 11.21 11.41 11.69 12.06 12.40
9.56 9.70 9.90 9.97 9.96 9.92 9.97 10.13 10.29 10.35 10.36 10.36 10.34 10.33 10.33 10.38 10.48 10.63 10.83 11.04 11.19 11.24 11.20 11.12 11.01 10.90 10.80 10.69 10.58 10.48 10.39 10.31 10.24 10.17 10.12 10.09 10.10 10.15 10.22 10.25 10.26 10.24 10.21 10.17 10.13 10.08 10.04 10.00 9.96 9.91 9.85 9.78 9.71 9.66 9.63 9.63 9.64 9.66 9.68 9.69 9.67 9.63 9.57 9.45 9.22 8.88 8.59 8.55 8.89 9.46 10.06 10.58 10.93 11.19 11.46 11.77 12.07 12.31 12.49
9.38 9.54 9.79 9.93 9.96 9.93 9.97 10.11 10.27 10.35 10.39 10.41 10.40 10.39 10.39 10.42 10.50 10.63 10.81 10.99 11.12 11.18 11.17 11.11 11.02 10.93 10.83 10.72 10.62 10.51 10.42 10.34 10.26 10.19 10.12 10.09 10.09 10.14 10.20 10.23 10.23 10.22 10.19 10.16 10.12 10.09 10.04 10.00 9.96 9.90 9.84 9.76 9.70 9.65 9.62 9.61 9.62 9.63 9.64 9.65 9.62 9.56 9.47 9.34 9.13 8.86 8.64 8.62 8.88 9.35 9.93 10.49 10.93 11.29 11.69 12.11 12.42 12.55 12.58
9.14 9.35 9.69 9.90 9.98 9.96 9.99 10.10 10.25 10.35 10.41 10.45 10.46 10.45 10.44 10.45 10.51 10.63 10.79 10.95 11.07 11.13 11.13 11.08 11.02 10.94 10.85 10.75 10.65 10.54 10.45 10.36 10.28 10.20 10.13 10.10 10.11 10.13 10.17 10.19 10.20 10.18 10.17 10.14 10.12 10.09 10.05 10.01 9.96 9.90 9.83 9.75 9.68 9.63 9.61 9.60 9.60 9.61 9.62 9.61 9.57 9.49 9.38 9.24 9.04 8.83 8.66 8.63 8.81 9.22 9.77 10.35 10.89 11.38 11.91 12.42 12.71 12.72 12.67
8.87 9.14 9.60 9.88 10.00 10.00 10.03 10.12 10.24 10.36 10.44 10.49 10.52 10.51 10.48 10.47 10.52 10.62 10.77 10.93 11.04 11.09 11.09 11.05 11.00 10.94 10.86 10.77 10.67 10.57 10.47 10.38 10.30 10.22 10.15 10.13 10.14 10.13 10.13 10.15 10.15 10.15 10.13 10.12 10.10 10.08 10.05 10.01 9.96 9.90 9.83 9.75 9.67 9.62 9.59 9.58 9.59 9.59 9.59 9.57 9.53 9.44 9.32 9.16 8.97 8.79 8.65 8.59 8.72 9.08 9.60 10.18 10.78 11.41 12.11 12.70 12.92 12.83 12.77
8.59 8.93 9.49 9.85 10.01 10.04 10.08 10.14 10.25 10.36 10.46 10.53 10.57 10.56 10.52 10.50 10.53 10.64 10.78 10.92 11.01 11.05 11.05 11.02 10.98 10.92 10.85 10.77 10.68 10.58 10.48 10.40 10.32 10.24 10.18 10.16 10.16 10.13 10.10 10.10 10.11 10.11 10.10 10.09 10.09 10.08 10.06 10.02 9.97 9.91 9.83 9.75 9.67 9.62 9.58 9.57 9.57 9.58 9.57 9.55 9.49 9.40 9.27 9.10 8.91 8.74 8.60 8.53 8.63 8.96 9.44 9.99 10.61 11.35 12.22 12.92 13.09 12.91 12.87
8.34 8.72 9.36 9.80 10.02 10.08 10.12 10.18 10.26 10.38 10.48 10.56 10.61 10.61 10.56 10.53 10.56 10.66 10.80 10.91 10.99 11.02 11.01 10.98 10.94 10.89 10.83 10.76 10.67 10.58 10.50 10.42 10.34 10.27 10.22 10.19 10.17 10.12 10.08 10.06 10.06 10.06 10.06 10.07 10.07 10.08 10.06 10.03 9.98 9.92 9.84 9.76 9.68 9.62 9.58 9.56 9.56 9.57 9.56 9.53 9.47 9.37 9.22 9.04 8.85 8.68 8.54 8.46 8.56 8.86 9.30 9.81 10.42 11.20 12.21 13.04 13.22 13.02 12.99
8.11 8.52 9.21 9.71 10.02 10.12 10.16 10.21 10.29 10.40 10.51 10.59 10.64 10.65 10.61 10.58 10.61 10.71 10.83 10.93 10.98 11.00 10.98 10.95 10.91 10.86 10.80 10.73 10.66 10.58 10.50 10.43 10.36 10.30 10.26 10.22 10.18 10.12 10.06 10.03 10.02 10.02 10.03 10.04 10.06 10.07 10.06 10.03 9.99 9.93 9.85 9.77 9.69 9.63 9.58 9.56 9.56 9.56 9.56 9.53 9.46 9.35 9.19 9.00 8.79 8.61 8.47 8.41 8.50 8.77 9.17 9.66 10.25 11.04 12.10 13.01 13.30 13.18 13.18
7.90 8.32 9.03 9.60 10.00 10.15 10.19 10.24 10.32 10.43 10.54 10.63 10.68 10.69 10.67 10.63 10.65 10.76 10.88 10.96 10.99 10.98 10.96 10.91 10.86 10.81 10.75 10.69 10.63 10.57 10.51 10.45 10.39 10.34 10.29 10.24 10.18 10.11 10.05 10.00 9.98 9.98 10.00 10.02 10.04 10.06 10.06 10.04 10.00 9.94 9.87 9.79 9.71 9.64 9.59 9.56 9.56 9.57 9.57 9.54 9.47 9.34 9.17 8.97 8.74 8.54 8.40 8.36 8.44 8.67 9.02 9.51 10.13 10.92 11.94 12.88 13.32 13.37 13.42
7.71 8.13 8.86 9.47 9.93 10.13 10.20 10.26 10.35 10.47 10.59 10.67 10.72 10.74 10.72 10.69 10.70 10.80 10.93 11.00 11.00 10.98 10.94 10.88 10.82 10.76 10.70 10.65 10.60 10.55 10.51 10.46 10.42 10.37 10.32 10.26 10.18 10.11 10.03 9.98 9.95 9.95 9.97 10.00 10.03 10.05 10.06 10.04 10.01 9.95 9.88 9.81 9.73 9.66 9.60 9.57 9.57 9.59 9.59 9.56 9.49 9.36 9.18 8.96 8.72 8.49 8.34 8.30 8.37 8.53 8.84 9.33 10.03 10.85 11.82 12.75 13.33 13.53 13.65
7.53 7.95 8.69 9.32 9.82 10.09 10.19 10.28 10.40 10.54 10.67 10.73 10.76 10.77 10.77 10.74 10.75 10.86 10.98 11.04 11.04 11.00 10.94 10.86 10.78 10.71 10.64 10.59 10.55 10.53 10.50 10.48 10.44 10.40 10.34 10.27 10.19 10.10 10.01 9.95 9.92 9.92 9.95 9.98 10.02 10.04 10.06 10.05 10.02 9.97 9.91 9.84 9.76 9.67 9.61 9.58 9.59 9.61 9.62 9.60 9.53 9.39 9.20 8.98 8.73 8.48 8.31 8.26 8.27 8.36 8.59 9.10 9.89 10.82 11.78 12.71 13.37 13.67 13.81
7.35 7.77 8.51 9.15 9.68 10.00 10.16 10.29 10.45 10.63 10.76 10.81 10.81 10.80 10.80 10.79 10.81 10.92 11.03 11.09 11.08 11.03 10.96 10.86 10.75 10.65 10.58 10.54 10.51 10.50 10.50 10.49 10.47 10.43 10.37 10.28 10.19 10.09 10.00 9.94 9.90 9.91 9.93 9.97 10.01 10.04 10.05 10.05 10.03 9.98 9.93 9.87 9.78 9.69 9.62 9.61 9.62 9.64 9.65 9.65 9.58 9.45 9.25 9.01 8.76 8.50 8.31 8.23 8.17 8.15 8.31 8.78 9.69 10.81 11.83 12.76 13.46 13.77 13.89
7.18 7.58 8.32 8.98 9.52 9.89 10.12 10.30 10.52 10.74 10.86 10.88 10.86 10.84 10.82 10.83 10.87 10.97 11.07 11.13 11.13 11.08 11.00 10.88 10.73 10.60 10.51 10.48 10.47 10.49 10.50 10.50 10.49 10.45 10.39 10.30 10.19 10.08 9.98 9.92 9.89 9.90 9.93 9.97 10.00 10.03 10.05 10.05 10.04 10.00 9.96 9.90 9.80 9.69 9.64 9.65 9.66 9.67 9.69 9.70 9.65 9.52 9.31 9.05 8.79 8.54 8.34 8.21 8.07 7.96 8.02 8.46 9.48 10.79 11.92 12.86 13.53 13.80 13.92
7.01 7.38 8.09 8.78 9.37 9.78 10.07 10.31 10.58 10.82 10.95 10.95 10.91 10.88 10.86 10.87 10.92 11.00 11.10 11.17 11.19 11.15 11.08 10.93 10.73 10.55 10.45 10.42 10.44 10.48 10.50 10.51 10.50 10.47 10.40 10.31 10.19 10.08 9.98 9.91 9.88 9.89 9.92 9.97 10.00 10.04 10.05 10.06 10.04 10.01 9.98 9.93 9.83 9.70 9.67 9.70 9.70 9.69 9.73 9.75 9.72 9.60 9.38 9.09 8.81 8.59 8.39 8.20 8.00 7.82 7.79 8.21 9.33 10.78 12.00 12.94 13.53 13.76 13.93
6.84 7.17 7.85 8.54 9.19 9.70 10.03 10.32 10.63 10.87 11.00 11.02 10.99 10.94 10.90 10.89 10.95 11.04 11.12 11.20 11.24 11.24 11.18 11.02 10.77 10.53 10.40 10.38 10.42 10.47 10.50 10.51 10.51 10.48 10.42 10.32 10.20 10.08 9.98 9.91 9.88 9.89 9.92 9.97 10.01 10.04 10.06 10.06 10.05 10.03 10.00 9.95 9.86 9.73 9.72 9.76 9.72 9.71 9.77 9.80 9.79 9.69 9.47 9.16 8.85 8.63 8.44 8.21 7.96 7.73 7.66 8.10 9.30 10.77 12.02 12.93 13.44 13.68 13.93
6.64 6.94 7.58 8.29 9.02 9.61 10.01 10.33 10.63 10.86 11.00 11.08 11.08 11.01 10.93 10.90 10.96 11.07 11.17 11.25 11.31 11.33 11.30 11.15 10.86 10.56 10.39 10.35 10.41 10.47 10.50 10.51 10.52 10.49 10.43 10.33 10.21 10.08 9.98 9.91 9.88 9.89 9.92 9.97 10.01 10.04 10.06 10.07 10.06 10.03 10.01 9.96 9.88 9.79 9.78 9.80 9.75 9.74 9.80 9.85 9.85 9.78 9.58 9.24 8.91 8.67 8.48 8.24 7.96 7.71 7.64 8.16 9.38 10.76 11.94 12.79 13.29 13.61 13.92
6.38 6.67 7.29 8.04 8.85 9.51 9.98 10.33 10.62 10.82 10.99 11.12 11.16 11.07 10.93 10.87 10.96 11.12 11.26 11.35 11.41 11.44 11.44 11.31 11.02 10.67 10.44 10.35 10.40 10.47 10.50 10.51 10.52 10.50 10.44 10.35 10.22 10.10 9.99 9.91 9.88 9.89 9.93 9.97 10.01 10.05 10.07 10.07 10.06 10.04 10.01 9.97 9.91 9.85 9.84 9.84 9.79 9.78 9.84 9.88 9.89 9.85 9.68 9.35 8.99 8.73 8.53 8.28 7.99 7.74 7.75 8.36 9.52 10.71 11.70 12.52 13.13 13.56 13.87
6.03 6.35 7.02 7.81 8.67 9.39 9.92 10.33 10.62 10.82 10.99 11.14 11.19 11.06 10.86 10.78 10.92 11.16 11.37 11.50 11.56 11.59 11.59 11.49 11.22 10.85 10.55 10.39 10.40 10.46 10.49 10.50 10.52 10.51 10.46 10.37 10.25 10.11 10.00 9.92 9.89 9.89 9.93 9.97 10.02 10.05 10.07 10.08 10.07 10.05 10.02 9.99 9.95 9.91 9.89 9.88 9.85 9.84 9.89 9.91 9.92 9.91 9.77 9.47 9.11 8.81 8.59 8.35 8.07 7.86 7.97 8.63 9.65 10.59 11.39 12.19 12.91 13.45 13.77
5.56 5.94 6.74 7.61 8.47 9.23 9.84 10.30 10.64 10.88 11.06 11.18 11.18 11.00 10.76 10.64 10.80 11.14 11.46 11.66 11.77 11.80 11.78 11.68 11.43 11.06 10.71 10.49 10.43 10.46 10.48 10.49 10.51 10.52 10.48 10.39 10.27 10.14 10.01 9.92 9.89 9.89 9.92 9.98 10.03 10.06 10.08 10.08 10.07 10.05 10.03 10.01 9.98 9.95 9.94 9.92 9.90 9.91 9.94 9.95 9.95 9.95 9.84 9.58 9.23 8.92 8.69 8.46 8.21 8.05 8.23 8.87 9.71 10.42 11.11 11.88 12.61 13.21 13.62
4.93 5.43 6.43 7.42 8.29 9.03 9.74 10.27 10.65 10.97 11.18 11.26 11.19 10.95 10.66 10.48 10.61 11.02 11.44 11.77 11.98 12.06 12.03 11.91 11.65 11.28 10.91 10.63 10.49 10.46 10.46 10.48 10.51 10.53 10.50 10.42 10.30 10.16 10.03 9.94 9.88 9.87 9.92 9.98 10.04 10.07 10.08 10.09 10.08 10.06 10.05 10.03 10.01 9.99 9.98 9.97 9.96 9.98 9.99 9.98 9.99 9.98 9.90 9.68 9.36 9.04 8.81 8.61 8.41 8.30 8.48 9.01 9.66 10.25 10.90 11.59 12.25 12.86 13.41
4.13 4.79 6.04 7.20 8.13 8.84 9.59 10.26 10.70 11.06 11.31 11.37 11.24 10.96 10.65 10.42 10.46 10.83 11.31 11.75 12.12 12.32 12.32 12.15 11.86 11.48 11.09 10.78 10.58 10.49 10.46 10.47 10.52 10.55 10.53 10.46 10.33 10.20 10.06 9.95 9.87 9.86 9.91 9.99 10.04 10.07 10.09 10.10 10.09 10.08 10.06 10.05 10.04 10.03 10.02 10.01 10.02 10.04 10.03 10.02 10.03 10.02 9.95 9.77 9.48 9.18 8.96 8.79 8.64 8.56 8.70 9.08 9.57 10.09 10.70 11.33 11.92 12.52 13.17
3.18 4.04 5.54 6.85 7.88 8.61 9.37 10.17 10.76 11.16 11.43 11.51 11.35 11.05 10.72 10.48 10.45 10.69 11.12 11.64 12.14 12.48 12.56 12.40 12.09 11.68 11.26 10.92 10.67 10.53 10.47 10.47 10.53 10.59 10.58 10.50 10.36 10.23 10.10 9.98 9.86 9.83 9.91 10.00 10.05 10.08 10.09 10.10 10.10 10.10 10.08 10.07 10.07 10.07 10.06 10.06 10.07 10.09 10.08 10.08 10.07 10.06 10.00 9.84 9.59 9.33 9.13 8.98 8.87 8.82 8.90 9.13 9.48 9.94 10.50 11.09 11.66 12.23 12.94
