data/subzone_225_12_25m_vel.asc
ncols	83
nrows	163
xllcorner	1011837.500000
yllcorner	6281462.500000
cellsize	25.000000
NODATA_value	-9999.000000
[rows 105 to 139 of 163, columns 0 to 77 of 83]
10.42 10.82 13.50 16.74 19.84 22.57 24.58 24.79 22.97 20.37 18.32 17.38 17.22 17.22 17.29 17.75 18.05 17.89 18.09 18.63 18.58 17.41 15.31 12.94 11.09 10.44 10.74 10.75 9.82 8.74 8.16 8.31 9.59 12.27 15.29 16.40 14.44 10.86 9.27 10.06 11.54 13.48 16.38 19.91 23.83 27.06 27.50 24.34 19.97 16.29 12.99 10.27 7.50 4.63 2.96 3.48 5.40 7.59 9.56 10.87 11.89 12.06 10.91 9.27 7.85 7.58 9.21 11.47 12.56 12.54 12.76 13.18 13.40 13.62 13.92 14.15 14.28 13.96
10.26 10.61 12.94 15.96 18.83 21.33 23.17 23.46 21.87 19.46 17.09 15.27 14.53 14.41 14.50 15.11 15.73 15.53 15.15 15.69 16.76 17.18 16.43 14.64 12.57 11.41 11.66 12.33 11.82 10.23 9.08 8.71 9.00 10.54 13.77 16.62 16.24 12.81 10.32 10.58 11.76 13.08 15.34 18.48 22.39 26.44 28.35 26.47 22.49 18.75 15.27 12.10 9.46 7.09 5.40 5.23 6.34 8.07 10.39 11.83 12.37 12.39 11.80 10.46 7.98 6.46 7.60 10.41 12.70 13.65 14.18 14.68 14.71 14.46 14.19 13.98 14.01 13.90
11.20 11.42 13.07 15.84 18.46 20.78 22.56 22.93 21.49 19.14 16.81 14.66 13.22 12.57 12.32 12.59 13.21 13.45 12.92 12.61 13.10 13.74 13.74 12.94 12.01 11.94 13.05 14.77 15.19 13.76 11.95 10.83 10.32 10.55 12.74 15.88 16.56 13.90 11.52 11.80 13.24 14.46 15.90 18.18 21.45 25.28 28.09 28.14 25.52 21.77 17.70 14.07 11.39 9.17 7.68 7.38 7.91 8.94 11.51 13.53 13.71 13.08 12.49 11.67 9.58 7.45 7.16 8.58 10.85 12.79 14.04 15.01 15.60 15.57 14.83 13.78 13.22 13.18
12.73 12.84 13.92 16.19 18.57 20.65 22.28 22.84 21.85 19.84 17.69 15.67 13.91 12.69 11.95 11.50 11.35 11.37 11.19 10.89 10.90 10.96 10.58 9.95 10.15 11.42 13.24 15.79 17.65 17.60 16.25 14.89 13.75 12.78 13.49 15.83 16.65 14.42 12.26 12.43 14.22 16.05 17.58 19.27 21.69 24.67 27.43 28.92 28.17 25.00 20.44 16.23 13.16 10.71 9.07 8.83 9.35 10.06 12.48 15.20 15.82 14.73 13.44 12.37 10.87 9.26 8.26 8.13 8.91 10.45 12.30 13.82 15.04 15.75 15.18 13.55 12.25 11.88
13.78 14.37 15.73 17.47 19.40 21.00 22.18 22.58 21.82 20.33 18.80 17.34 15.73 14.24 13.11 12.24 11.46 10.81 10.52 10.64 10.88 10.77 10.14 9.50 10.17 11.73 13.10 15.08 17.77 19.41 19.57 18.97 18.11 16.85 16.26 17.28 17.50 15.33 13.08 12.70 14.07 16.34 18.61 20.57 22.68 25.15 27.67 29.72 30.21 27.94 23.10 18.20 14.64 12.14 10.40 9.91 10.22 10.92 13.02 16.12 17.72 16.99 15.08 13.14 11.73 10.63 9.50 9.04 8.98 9.10 10.56 12.58 14.32 15.56 15.36 13.65 11.91 11.06
13.72 15.18 17.44 19.17 20.82 22.00 22.64 22.48 21.23 19.57 18.40 17.51 16.40 15.12 13.98 12.98 12.19 11.49 11.20 11.62 12.14 11.89 11.35 11.04 11.41 12.28 12.98 14.02 16.14 18.50 20.10 20.94 21.28 20.90 20.16 20.14 19.73 17.51 15.04 13.94 14.29 16.02 18.63 21.23 23.55 25.99 28.59 30.92 32.27 30.95 26.23 20.68 16.56 13.87 12.19 11.28 10.89 11.10 12.67 15.81 18.37 18.73 17.01 14.32 12.51 11.56 10.31 9.79 9.85 9.17 9.36 11.25 13.55 15.27 15.39 13.87 11.97 10.64
12.67 14.38 17.41 19.77 21.81 23.06 23.57 23.05 21.17 18.86 17.40 16.53 15.63 14.66 13.71 12.76 11.76 11.16 11.51 12.55 13.19 12.85 12.40 12.07 11.84 12.03 12.31 12.66 13.82 15.81 18.00 19.98 21.70 22.73 23.10 23.40 23.20 21.34 18.77 16.93 16.21 16.97 18.98 21.39 23.52 25.67 28.27 31.17 33.81 34.14 30.21 23.90 19.12 16.20 14.32 13.01 11.95 11.43 12.26 14.90 17.90 19.30 18.31 15.54 13.42 12.36 10.82 10.06 10.29 9.86 9.38 10.22 12.34 14.48 14.97 13.95 12.52 11.07
11.53 12.79 16.17 19.33 22.09 23.82 24.55 24.07 22.01 19.25 17.39 16.23 15.41 14.60 13.68 12.68 11.53 10.44 10.72 12.02 12.88 12.73 12.53 12.34 11.94 11.59 11.27 11.03 11.60 12.99 14.97 17.23 19.66 21.85 23.50 24.81 25.77 25.34 23.23 20.80 19.16 18.88 19.70 21.10 22.60 24.09 26.35 29.68 33.64 36.24 34.44 28.34 22.53 19.01 16.77 14.99 13.36 12.30 12.55 14.65 17.61 19.50 19.09 16.61 14.48 13.28 11.51 10.40 10.48 10.45 10.39 10.54 11.55 13.40 14.18 13.52 12.49 11.28
11.12 12.03 15.25 18.75 22.02 24.33 25.49 25.30 23.41 20.59 18.38 16.97 16.23 15.42 14.13 12.88 11.83 10.49 9.91 10.70 11.60 11.44 11.25 11.36 11.26 10.64 9.79 9.31 9.95 11.18 12.82 14.85 17.11 19.41 21.51 23.34 25.07 25.93 24.98 22.91 20.90 19.60 19.22 19.85 21.22 22.59 24.42 27.42 31.52 35.66 36.62 33.10 27.26 22.59 19.47 17.17 15.09 13.57 13.32 14.98 17.82 20.00 19.94 17.68 15.71 14.49 12.68 11.36 10.95 10.72 11.06 11.43 11.74 12.77 13.63 13.41 12.68 11.85
10.89 11.56 14.30 17.77 21.38 24.34 26.18 26.46 24.93 22.31 19.95 18.45 17.62 16.57 15.00 13.53 12.32 10.93 9.80 9.93 10.19 9.40 8.78 8.95 9.40 9.34 8.67 8.29 9.08 10.37 11.68 13.09 14.69 16.43 18.27 20.01 21.54 22.86 23.09 22.11 20.39 18.54 17.40 17.75 19.39 20.95 22.49 24.79 28.20 32.38 35.38 34.98 31.47 26.78 22.70 19.59 17.25 15.56 14.77 15.60 17.96 20.53 21.12 19.14 17.18 15.87 14.08 12.74 11.91 11.14 11.38 12.01 12.19 12.56 13.16 13.34 12.98 12.30
10.65 11.12 13.43 16.82 20.51 23.81 26.26 27.23 26.28 23.95 21.54 19.90 18.89 17.84 16.19 14.49 13.06 11.67 10.74 10.58 10.01 8.26 6.96 6.90 7.86 8.76 8.96 8.91 9.17 9.64 10.17 10.68 11.48 12.86 14.67 16.46 18.03 19.35 20.05 19.77 18.60 16.92 15.76 15.90 17.10 18.51 19.96 21.88 24.60 28.02 31.40 33.20 32.58 29.95 26.18 22.53 19.77 17.84 16.86 17.06 18.46 20.85 22.19 21.01 19.08 17.64 15.89 14.57 13.34 12.10 12.00 12.57 12.74 12.63 12.63 12.56 12.21 11.55
11.17 11.79 13.90 16.93 20.23 23.32 25.93 27.47 27.24 25.37 22.89 20.94 19.78 18.90 17.60 15.82 14.15 12.75 12.09 12.10 11.20 8.98 7.15 6.68 7.62 8.72 9.31 9.11 8.48 7.94 7.61 7.46 7.85 9.21 11.20 13.24 15.18 16.87 17.89 17.66 16.73 15.61 14.67 14.39 15.06 16.33 17.84 19.61 21.77 24.40 27.10 29.37 30.71 30.58 28.65 25.51 22.32 19.84 18.90 19.25 20.07 21.57 23.08 22.75 21.24 19.80 18.19 16.92 15.36 13.73 13.28 13.72 14.09 13.92 13.52 13.10 12.63 11.89
11.76 12.54 14.53 17.14 20.09 22.86 25.36 27.20 27.65 26.35 24.09 22.11 20.82 19.81 18.73 17.39 15.90 14.23 13.26 13.29 12.47 10.18 8.05 7.04 7.47 8.02 8.04 7.51 6.44 5.14 4.10 3.72 4.38 6.06 8.21 10.42 12.55 14.79 16.33 16.19 15.28 14.54 13.90 13.62 14.24 15.52 17.07 18.71 20.48 22.45 24.36 26.03 27.68 29.17 29.52 28.11 25.35 22.64 21.23 21.35 22.16 23.21 24.48 24.77 23.88 22.59 21.03 19.57 17.73 15.79 14.75 14.69 15.18 15.50 15.21 14.60 13.99 13.06
11.61 12.35 14.28 16.74 19.55 22.19 24.51 26.42 27.34 26.59 24.76 23.19 22.06 20.88 19.62 18.60 17.55 15.94 14.30 13.76 12.95 10.86 8.60 6.73 6.24 6.19 5.60 5.21 4.62 3.31 2.18 1.21 1.29 2.98 5.33 7.68 10.21 12.92 14.88 14.90 14.06 13.68 13.59 13.70 14.31 15.49 16.96 18.53 20.19 21.81 23.19 24.12 25.08 26.79 28.78 29.50 28.37 26.16 24.17 23.39 23.83 24.89 26.18 27.03 26.97 26.04 24.35 22.26 19.90 17.50 15.58 14.37 14.14 14.57 14.60 13.91 13.11 12.30
11.19 11.76 13.71 16.15 18.89 21.51 23.68 25.49 26.74 26.53 24.96 23.49 22.70 21.73 20.29 18.97 18.04 17.07 15.53 14.00 12.55 10.68 8.55 5.94 4.19 3.77 2.74 2.57 3.37 3.42 3.01 1.50 0.22 0.76 2.36 4.97 8.01 11.14 13.38 13.44 12.86 13.15 13.60 13.96 14.51 15.52 16.82 18.24 19.79 21.27 22.35 22.78 22.88 23.85 26.13 28.26 28.85 27.97 26.40 25.14 24.85 25.50 26.58 27.58 28.06 27.66 26.36 24.21 21.33 18.38 15.96 13.86 12.57 12.53 12.81 12.29 11.32 10.52
11.02 11.45 13.20 15.50 18.19 20.81 22.92 24.61 26.12 26.48 25.13 23.37 22.53 21.90 20.66 19.18 18.14 17.68 16.67 14.48 12.15 10.29 8.52 6.25 3.53 2.18 1.29 0.57 2.04 3.36 4.12 2.90 0.56 0.99 0.82 2.57 5.75 9.09 11.73 12.00 11.66 12.55 13.49 13.99 14.56 15.40 16.38 17.48 18.79 20.16 21.10 21.25 20.84 20.99 22.62 24.92 26.52 26.93 26.38 25.45 24.76 24.74 25.22 25.74 26.27 26.65 26.59 25.39 22.52 19.23 16.78 14.65 12.97 12.33 12.59 12.52 11.68 10.61
10.83 11.18 12.72 14.83 17.30 19.83 21.98 23.66 25.33 26.24 25.35 23.47 22.32 21.77 20.93 19.74 19.00 18.84 17.90 15.26 12.55 10.81 9.42 7.81 5.50 3.19 1.80 1.26 1.82 3.29 4.78 4.40 2.41 1.34 0.90 0.94 3.33 6.29 9.31 10.27 10.00 10.86 12.02 12.63 13.24 14.14 15.14 16.25 17.65 19.18 20.02 19.80 19.08 18.84 19.78 21.59 23.33 24.37 24.62 24.34 23.77 23.45 23.59 23.71 24.04 24.93 26.03 26.16 24.32 21.43 19.15 17.41 15.67 14.29 14.03 14.18 13.66 12.53
10.91 11.31 12.79 14.71 16.80 19.05 21.23 22.95 24.60 25.80 25.49 23.94 22.68 22.06 21.31 20.28 20.00 20.33 19.26 16.17 13.43 11.94 10.76 9.54 8.09 6.21 4.76 3.92 3.72 4.40 5.70 5.91 4.77 3.27 1.64 0.97 2.05 3.32 5.72 7.82 8.42 9.01 10.09 10.79 11.47 12.53 13.80 15.18 16.90 18.76 19.63 18.96 17.67 17.04 17.57 19.07 20.69 21.85 22.47 22.77 22.72 22.56 22.74 22.94 23.15 23.86 25.00 25.77 25.44 24.20 22.69 21.40 19.98 18.18 16.84 16.39 15.66 14.43
11.58 12.23 13.75 15.45 17.24 19.06 21.11 22.89 24.33 25.46 25.53 24.42 23.35 22.85 22.22 21.27 21.01 21.54 20.40 17.23 14.71 13.30 12.16 11.20 10.45 9.21 7.80 6.87 6.43 6.60 7.36 7.66 7.00 5.72 4.18 2.91 2.36 2.07 2.54 4.94 7.24 8.62 9.70 10.61 11.44 12.42 13.54 14.82 16.50 18.47 19.52 18.82 17.05 15.55 15.51 16.85 18.42 19.65 20.43 21.04 21.50 21.64 21.90 22.45 22.94 23.35 23.80 24.00 24.09 24.36 24.44 24.15 23.53 22.28 20.64 19.35 18.02 16.46
11.83 12.36 13.75 15.34 17.30 19.14 21.24 23.29 24.73 25.60 25.56 24.53 23.46 23.10 22.86 22.36 22.35 22.71 21.28 18.33 16.29 15.04 13.92 13.11 12.63 11.84 10.79 10.07 9.60 9.33 9.35 9.32 8.64 7.61 6.80 5.98 4.25 2.12 1.32 3.03 5.85 8.17 9.74 10.94 11.97 12.97 13.84 14.76 16.16 18.05 19.22 18.80 17.21 14.98 13.61 14.35 16.07 17.48 18.60 19.63 20.41 20.90 21.31 22.02 22.85 23.20 23.06 22.30 21.31 21.42 22.52 23.57 24.09 23.92 23.14 22.16 20.80 19.15
11.54 11.61 12.69 14.32 16.51 18.73 21.08 23.65 25.59 26.50 26.20 24.75 23.34 22.78 22.83 22.98 23.38 23.55 21.95 19.23 17.70 16.83 15.85 15.18 14.89 14.36 13.62 12.98 12.28 11.58 11.00 10.52 9.89 9.14 8.89 8.66 6.68 3.42 1.74 2.40 4.07 6.39 8.39 9.97 11.26 12.52 13.57 14.43 15.65 17.46 18.69 18.39 17.34 15.29 12.60 12.00 13.67 15.53 17.16 18.75 19.87 20.76 21.54 22.41 23.28 23.56 23.02 21.66 19.69 18.32 18.67 20.15 21.55 22.34 22.65 22.76 22.30 21.23
11.33 11.20 12.03 13.60 15.69 18.01 20.48 23.49 26.22 27.73 27.60 25.95 24.00 23.04 23.13 23.68 24.15 23.94 22.26 19.93 18.72 18.19 17.70 17.39 17.33 16.94 16.03 14.89 13.67 12.65 11.92 11.33 10.95 10.72 10.86 10.76 8.72 4.74 1.75 1.85 2.25 4.11 6.15 7.91 9.43 10.93 12.42 13.61 14.85 16.53 17.86 17.73 16.96 15.67 12.88 11.03 11.88 14.07 16.13 17.89 19.30 20.52 21.70 22.97 24.05 24.38 23.57 21.73 19.40 17.21 16.04 16.41 17.68 18.99 20.05 20.93 21.29 20.98
11.39 11.28 11.91 13.16 14.89 17.02 19.54 22.68 26.05 28.44 28.96 27.49 25.15 23.79 23.87 24.66 25.05 24.24 22.24 20.22 19.25 18.99 18.89 18.73 18.55 18.16 17.13 15.49 13.81 12.74 12.25 11.95 11.77 12.08 12.80 12.76 10.56 6.23 2.07 1.24 1.22 1.94 3.90 5.69 7.22 8.79 10.52 12.22 13.75 15.25 16.55 16.83 16.32 15.53 13.54 11.43 11.41 13.22 15.28 16.89 18.34 19.69 21.11 22.75 24.32 25.07 24.34 22.25 19.74 17.63 16.00 15.08 15.16 15.98 17.19 18.31 18.86 18.98
11.45 11.39 11.91 12.89 14.17 15.82 18.06 21.18 25.01 28.35 29.77 28.66 26.17 24.46 24.39 25.31 25.89 24.92 22.36 19.98 18.88 18.50 18.14 17.75 17.50 17.23 16.53 15.19 13.61 12.62 12.36 12.43 12.50 13.17 14.54 14.91 12.62 8.17 3.52 0.48 1.22 0.39 1.86 3.65 5.06 6.51 8.35 10.42 12.32 13.79 14.92 15.54 15.36 14.76 13.55 11.90 11.44 12.47 14.04 15.49 16.94 18.43 20.15 22.06 24.01 25.27 24.74 22.63 20.24 18.54 17.57 16.47 15.15 14.53 15.14 16.25 16.88 17.14
11.59 11.49 11.80 12.58 13.60 14.74 16.38 19.07 23.02 27.28 29.83 29.59 27.39 25.55 25.12 25.70 26.36 25.69 22.99 19.94 18.18 17.16 16.08 15.04 14.62 14.62 14.67 14.30 13.42 12.72 12.65 12.98 13.44 14.45 16.18 16.99 14.96 10.56 5.94 1.77 0.94 1.37 0.83 2.19 3.46 4.56 6.25 8.40 10.47 12.07 13.09 13.86 13.92 13.28 12.38 11.16 10.62 11.21 12.44 13.80 15.29 16.96 18.96 21.21 23.49 25.18 24.80 22.32 19.51 17.82 17.75 17.88 16.62 14.77 14.28 15.11 15.93 16.41
11.99 11.61 11.38 11.87 12.92 13.88 14.95 16.79 20.21 24.75 28.45 29.61 28.58 27.15 26.42 26.32 26.52 25.98 23.63 20.38 18.06 16.67 15.40 14.02 13.04 12.63 12.69 12.77 12.53 12.42 12.91 13.63 14.54 15.93 17.84 18.95 17.31 13.31 8.93 4.63 0.89 1.40 2.00 2.44 3.11 3.75 4.92 6.72 8.62 10.22 11.16 11.90 12.09 11.33 10.23 9.44 9.21 9.76 10.97 12.22 13.56 15.34 17.65 20.18 22.76 24.89 24.72 22.02 18.60 16.10 16.01 17.47 17.69 15.89 14.48 14.75 15.56 16.31
12.00 11.16 10.39 10.60 11.63 12.59 13.31 14.43 16.99 21.03 25.09 27.42 27.95 27.65 27.20 26.89 26.65 25.97 23.97 21.05 18.83 17.66 16.79 15.66 14.19 12.99 12.36 12.11 11.92 12.03 12.89 13.92 15.21 17.04 19.25 20.85 19.78 16.09 11.96 7.97 4.07 1.20 1.61 2.56 3.31 3.80 4.57 6.06 7.76 9.06 9.72 9.95 9.93 9.21 7.89 7.45 7.54 8.07 9.33 10.68 12.02 13.93 16.51 19.27 22.12 24.50 24.46 21.72 18.27 15.46 14.53 15.90 17.48 16.80 15.23 15.02 15.66 16.35
11.50 10.23 9.15 9.33 10.15 11.03 11.49 12.15 14.03 17.16 20.67 23.25 24.70 25.78 26.50 26.80 26.66 25.82 23.98 21.63 19.88 19.03 18.53 17.73 16.29 14.85 13.85 13.28 12.89 12.56 12.83 13.49 14.79 16.92 19.61 22.00 21.96 18.84 14.73 11.09 7.57 4.65 2.62 1.98 2.57 3.19 4.19 6.08 7.79 8.70 9.12 8.96 8.44 7.39 5.75 5.06 5.52 6.39 7.68 9.40 11.14 13.15 15.69 18.61 21.78 24.34 24.47 21.56 17.62 14.82 13.48 14.16 16.19 16.78 15.77 15.41 16.06 16.71
10.42 8.94 7.86 8.33 9.04 9.68 9.89 10.10 11.41 13.76 16.50 18.75 20.47 22.45 24.45 25.91 26.46 25.63 23.55 21.44 20.27 19.78 19.59 19.11 17.87 16.45 15.48 14.85 14.29 13.48 12.83 12.56 13.23 15.29 18.30 21.57 22.93 21.06 17.15 13.67 10.90 8.32 6.18 4.73 4.24 4.12 4.85 6.96 8.35 8.66 8.83 8.62 8.03 6.90 4.91 3.17 3.42 5.02 6.58 8.33 10.33 12.50 14.87 17.70 21.20 24.13 24.84 22.47 18.17 14.72 12.87 12.80 14.45 15.84 15.61 15.24 15.71 16.51
9.26 8.04 7.38 8.24 9.00 9.36 9.27 8.87 9.29 10.82 12.93 15.06 17.06 19.38 22.02 24.46 25.93 25.42 23.00 20.74 19.90 19.84 20.04 19.97 19.04 17.54 16.23 15.33 14.76 14.05 13.08 12.22 12.34 13.90 16.56 20.06 22.46 21.98 19.02 15.75 13.47 11.50 9.46 7.84 6.86 6.62 7.43 9.67 10.56 9.67 8.98 8.45 7.91 6.94 4.70 2.14 1.35 3.09 5.09 6.91 9.02 11.49 13.96 16.70 20.19 23.37 24.78 23.45 19.78 16.04 13.71 12.70 13.31 14.68 15.03 14.65 14.64 15.17
9.75 9.02 8.68 9.49 10.29 10.63 10.16 9.07 8.60 8.88 9.87 12.01 14.51 17.07 19.94 22.93 25.07 24.82 22.33 19.96 19.08 19.10 19.50 19.80 19.36 18.08 16.45 15.02 14.23 13.78 13.24 12.65 12.96 14.32 16.34 19.13 21.51 21.66 19.49 16.63 14.64 13.35 12.09 10.71 9.38 8.77 9.63 12.31 13.75 12.65 10.75 9.28 8.44 7.49 5.09 1.81 0.27 1.05 3.07 5.37 7.81 10.40 12.93 15.68 19.04 22.23 24.17 23.57 20.24 16.63 14.55 13.46 13.29 14.15 14.84 14.77 14.68 14.97
11.13 10.79 10.81 11.67 12.72 13.41 12.79 10.90 9.49 8.60 7.95 9.00 12.00 15.11 18.28 21.69 24.20 23.87 21.04 18.67 17.90 17.92 18.23 18.49 18.42 17.81 16.59 15.04 13.76 13.21 13.15 13.04 13.49 14.80 16.71 19.09 21.10 21.23 19.27 16.38 14.20 13.12 12.52 11.99 11.13 10.25 10.69 13.30 15.59 15.55 13.49 11.09 9.61 8.43 6.09 2.71 0.58 0.63 1.47 3.58 6.41 9.38 12.03 14.79 17.84 20.80 23.33 23.52 20.30 16.45 14.49 13.81 13.68 14.16 14.98 15.51 16.01 16.67
12.26 12.18 12.56 13.65 14.99 16.25 16.16 14.33 12.33 10.26 7.92 7.10 9.42 13.32 16.98 20.73 23.53 23.05 19.78 17.29 16.69 16.94 17.37 17.42 17.09 16.79 16.17 15.11 13.86 13.04 13.04 13.39 13.95 14.98 16.74 19.12 21.17 21.36 19.38 16.25 13.60 12.25 11.74 11.68 11.58 11.09 11.37 13.54 16.14 17.20 15.87 13.14 10.98 9.45 7.37 4.40 1.78 0.92 1.11 2.01 4.66 8.12 11.22 14.16 16.79 19.26 22.19 23.39 20.92 17.20 14.99 14.16 14.19 14.65 15.30 16.01 17.05 18.34
12.97 13.36 14.21 15.25 16.66 18.23 18.97 18.14 16.17 13.36 9.84 6.95 7.65 11.66 15.97 19.99 22.85 22.34 19.12 16.56 15.81 16.02 16.65 16.86 16.31 15.71 15.09 14.25 13.14 12.28 12.30 13.23 14.56 15.81 17.27 19.31 21.43 21.89 19.86 16.35 13.31 11.70 11.11 11.14 11.76 12.23 12.86 14.49 16.74 18.24 17.61 15.07 12.38 10.37 8.36 5.83 3.15 1.20 1.11 1.20 2.82 6.24 9.82 13.24 15.85 17.88 20.84 22.80 21.23 17.99 15.89 14.93 15.00 15.76 16.44 16.75 17.53 18.99
12.61 13.41 14.65 15.72 17.22 18.96 20.45 20.96 19.97 17.15 12.89 8.46 7.25 10.41 15.09 19.39 22.14 21.54 18.59 16.32 15.50 15.43 15.82 16.08 15.62 14.80 13.97 13.08 11.83 10.65 10.42 11.48 13.50 15.56 17.47 19.62 21.82 22.56 20.65 16.87 13.37 11.43 10.77 10.85 11.83 13.16 14.49 15.89 17.75 19.22 18.93 16.60 13.70 11.42 9.50 7.39 4.83 2.30 0.90 0.88 0.97 4.00 7.80 11.73 14.69 16.68 19.45 21.82 20.98 18.16 16.13 15.16 15.19 16.17 17.23 17.64 18.15 19.38
