data/subzone.asc
ncols        82
nrows        82
xllcorner    1004537.500000000000
yllcorner    6291912.500000000000
cellsize     25.000000000000
NODATA_value  -9999
[rows 40 to 59 of 82, columns 0 to 42 of 82]
508.850006103515625 508.80999755859375 509.350006103515625 510.44000244140625 511.730010986328125 512.8599853515625 513.21002197265625 513.05999755859375 512.33001708984375 511.42999267578125 510.720001220703125 510.269989013671875 509.94000244140625 509.8800048828125 510.089996337890625 510.489990234375 511.010009765625 511.470001220703125 511.82000732421875 511.980010986328125 511.94000244140625 511.739990234375 511.540008544921875 511.30999755859375 511.010009765625 510.6099853515625 510.1199951171875 509.57000732421875 508.959991455078125 508.29998779296875 507.579986572265625 506.829986572265625 506.100006103515625 505.45001220703125 504.920013427734375 504.529998779296875 504.230010986328125 504 503.75 503.44000244140625 503.04998779296875 502.579986572265625 502.07000732421875
505.769989013671875 505.790008544921875 506.329986572265625 507.350006103515625 508.54998779296875 509.6300048828125 510 509.69000244140625 508.8900146484375 507.980010986328125 507.3800048828125 506.980010986328125 506.769989013671875 506.850006103515625 507.220001220703125 507.79998779296875 508.5 509.230010986328125 509.920013427734375 510.339996337890625 510.32000732421875 510.040008544921875 509.850006103515625 509.54998779296875 509.160003662109375 508.720001220703125 508.19000244140625 507.6300048828125 507.019989013671875 506.3599853515625 505.660003662109375 504.92999267578125 504.230010986328125 503.6099853515625 503.100006103515625 502.709991455078125 502.420013427734375 502.170013427734375 501.920013427734375 501.600006103515625 501.209991455078125 500.760009765625 500.260009765625
502.989990234375 503.07000732421875 503.5 504.339996337890625 505.3699951171875 506.209991455078125 506.44000244140625 506.05999755859375 505.3800048828125 504.739990234375 504.329986572265625 504.019989013671875 503.92999267578125 504.1199951171875 504.600006103515625 505.290008544921875 506.1300048828125 507.079986572265625 508.1099853515625 508.94000244140625 509.42999267578125 508.989990234375 508.57000732421875 507.989990234375 507.3900146484375 506.8699951171875 506.30999755859375 505.720001220703125 505.089996337890625 504.42999267578125 503.75 503.05999755859375 502.3900146484375 501.79998779296875 501.32000732421875 500.94000244140625 500.660003662109375 500.410003662109375 500.149993896484375 499.839996337890625 499.470001220703125 499.029998779296875 498.54998779296875
500.55999755859375 500.80999755859375 500.989990234375 501.470001220703125 502.239990234375 502.760009765625 502.75 502.3800048828125 502.029998779296875 501.779998779296875 501.579986572265625 501.399993896484375 501.420013427734375 501.70001220703125 502.239990234375 502.989990234375 503.910003662109375 504.970001220703125 506.25 507.600006103515625 508.8599853515625 508.589996337890625 507.510009765625 506.5 505.70001220703125 505.07000732421875 504.470001220703125 503.850006103515625 503.209991455078125 502.540008544921875 501.8699951171875 501.209991455078125 500.57000732421875 500.029998779296875 499.57000732421875 499.220001220703125 498.94000244140625 498.70001220703125 498.45001220703125 498.160003662109375 497.79998779296875 497.3900146484375 496.92999267578125
498.010009765625 498.459991455078125 498.55999755859375 498.739990234375 499.1199951171875 499.30999755859375 499.1099853515625 498.94000244140625 498.989990234375 499.1300048828125 499.079986572265625 499.05999755859375 499.20001220703125 499.529998779296875 500.100006103515625 500.8699951171875 501.80999755859375 502.899993896484375 504.269989013671875 505.82000732421875 506.980010986328125 506.79998779296875 505.899993896484375 504.92999267578125 504.040008544921875 503.350006103515625 502.709991455078125 502.05999755859375 501.3900146484375 500.70001220703125 500.040008544921875 499.399993896484375 498.790008544921875 498.279998779296875 497.8599853515625 497.540008544921875 497.269989013671875 497.04998779296875 496.82000732421875 496.54998779296875 496.230010986328125 495.839996337890625 495.399993896484375
495.209991455078125 495.75 495.80999755859375 495.850006103515625 495.95001220703125 495.8900146484375 495.769989013671875 495.94000244140625 496.3599853515625 496.70001220703125 496.79998779296875 496.920013427734375 497.160003662109375 497.529998779296875 498.1099853515625 498.8699951171875 499.790008544921875 500.850006103515625 502.19000244140625 503.589996337890625 504.459991455078125 504.510009765625 503.980010986328125 503.209991455078125 502.3900146484375 501.67999267578125 501.019989013671875 500.339996337890625 499.649993896484375 498.959991455078125 498.290008544921875 497.660003662109375 497.079986572265625 496.589996337890625 496.20001220703125 495.8800048828125 495.6400146484375 495.42999267578125 495.230010986328125 494.989990234375 494.70001220703125 494.350006103515625 493.92999267578125
492.290008544921875 492.959991455078125 493.160003662109375 493.149993896484375 493.010009765625 492.839996337890625 492.980010986328125 493.480010986328125 494.100006103515625 494.489990234375 494.720001220703125 494.989990234375 495.30999755859375 495.709991455078125 496.269989013671875 497 497.8800048828125 498.8599853515625 500.040008544921875 501.230010986328125 501.980010986328125 502.20001220703125 501.95001220703125 501.399993896484375 500.730010986328125 500.07000732421875 499.420013427734375 498.730010986328125 498.029998779296875 497.32000732421875 496.660003662109375 496.019989013671875 495.45001220703125 494.920013427734375 494.529998779296875 494.239990234375 494 493.82000732421875 493.660003662109375 493.470001220703125 493.209991455078125 492.8900146484375 492.5
489.589996337890625 490.3599853515625 490.649993896484375 490.6099853515625 490.410003662109375 490.30999755859375 490.670013427734375 491.420013427734375 492.160003662109375 492.55999755859375 492.920013427734375 493.290008544921875 493.67999267578125 494.079986572265625 494.6099853515625 495.269989013671875 496.07000732421875 496.959991455078125 497.970001220703125 498.980010986328125 499.67999267578125 499.970001220703125 499.920013427734375 499.579986572265625 499.079986572265625 498.5 497.8900146484375 497.220001220703125 496.529998779296875 495.82000732421875 495.149993896484375 494.519989013671875 493.92999267578125 493.339996337890625 492.899993896484375 492.600006103515625 492.3699951171875 492.220001220703125 492.1199951171875 491.980010986328125 491.739990234375 491.44000244140625 491.079986572265625
487.3699951171875 488.019989013671875 488.19000244140625 488.279998779296875 488.290008544921875 488.3599853515625 488.779998779296875 489.589996337890625 490.420013427734375 490.94000244140625 491.399993896484375 491.850006103515625 492.260009765625 492.660003662109375 493.1099853515625 493.69000244140625 494.3900146484375 495.209991455078125 496.089996337890625 496.94000244140625 497.57000732421875 497.920013427734375 497.980010986328125 497.80999755859375 497.45001220703125 496.970001220703125 496.420013427734375 495.79998779296875 495.1300048828125 494.44000244140625 493.760009765625 493.1199951171875 492.519989013671875 491.910003662109375 491.399993896484375 491.029998779296875 490.760009765625 490.6400146484375 490.6099853515625 490.489990234375 490.269989013671875 490 489.660003662109375
485.20001220703125 485.970001220703125 486.339996337890625 486.80999755859375 486.94000244140625 487.040008544921875 487.3900146484375 488.100006103515625 488.959991455078125 489.589996337890625 490.1199951171875 490.6199951171875 491.040008544921875 491.3900146484375 491.779998779296875 492.260009765625 492.8599853515625 493.57000732421875 494.339996337890625 495.089996337890625 495.69000244140625 496.05999755859375 496.17999267578125 496.089996337890625 495.839996337890625 495.470001220703125 494.989990234375 494.42999267578125 493.79998779296875 493.1300048828125 492.44000244140625 491.790008544921875 491.170013427734375 490.54998779296875 490 489.510009765625 489.17999267578125 489.1099853515625 489.1300048828125 489.010009765625 488.790008544921875 488.540008544921875 488.230010986328125
483.029998779296875 484.1300048828125 484.790008544921875 485.57000732421875 485.920013427734375 486.089996337890625 486.410003662109375 486.980010986328125 487.760009765625 488.45001220703125 489.019989013671875 489.540008544921875 489.94000244140625 490.260009765625 490.57000732421875 490.959991455078125 491.45001220703125 492.040008544921875 492.720001220703125 493.3900146484375 493.95001220703125 494.30999755859375 494.470001220703125 494.45001220703125 494.279998779296875 493.980010986328125 493.589996337890625 493.079986572265625 492.480010986328125 491.829986572265625 491.160003662109375 490.489990234375 489.8699951171875 489.239990234375 488.670013427734375 488.20001220703125 487.920013427734375 487.730010986328125 487.670013427734375 487.529998779296875 487.29998779296875 487.05999755859375 486.790008544921875
480.959991455078125 482.339996337890625 483.3900146484375 484.459991455078125 484.959991455078125 485.260009765625 485.6199951171875 486.079986572265625 486.760009765625 487.45001220703125 488.019989013671875 488.540008544921875 488.94000244140625 489.19000244140625 489.399993896484375 489.6400146484375 490.019989013671875 490.540008544921875 491.170013427734375 491.82000732421875 492.339996337890625 492.670013427734375 492.829986572265625 492.850006103515625 492.730010986328125 492.5 492.160003662109375 491.70001220703125 491.149993896484375 490.519989013671875 489.8599853515625 489.220001220703125 488.600006103515625 487.980010986328125 487.420013427734375 487.05999755859375 486.910003662109375 486.459991455078125 486.230010986328125 486.040008544921875 485.80999755859375 485.579986572265625 485.339996337890625
479.040008544921875 480.649993896484375 482.1300048828125 483.45001220703125 484.010009765625 484.420013427734375 484.8699951171875 485.290008544921875 485.8800048828125 486.529998779296875 487.089996337890625 487.579986572265625 487.959991455078125 488.170013427734375 488.25 488.3699951171875 488.670013427734375 489.149993896484375 489.769989013671875 490.3699951171875 490.839996337890625 491.1300048828125 491.279998779296875 491.29998779296875 491.209991455078125 491.019989013671875 490.720001220703125 490.29998779296875 489.790008544921875 489.19000244140625 488.55999755859375 487.94000244140625 487.339996337890625 486.75 486.230010986328125 485.8599853515625 485.57000732421875 485.170013427734375 484.80999755859375 484.54998779296875 484.329986572265625 484.100006103515625 483.8900146484375
477.290008544921875 479.149993896484375 480.92999267578125 482.3800048828125 483.1400146484375 483.6099853515625 484.1099853515625 484.529998779296875 485.040008544921875 485.660003662109375 486.20001220703125 486.660003662109375 487.019989013671875 487.19000244140625 487.260009765625 487.350006103515625 487.6099853515625 488.04998779296875 488.589996337890625 489.079986572265625 489.480010986328125 489.70001220703125 489.79998779296875 489.79998779296875 489.70001220703125 489.519989013671875 489.239990234375 488.8599853515625 488.3800048828125 487.829986572265625 487.239990234375 486.660003662109375 486.089996337890625 485.540008544921875 485.05999755859375 484.660003662109375 484.260009765625 483.839996337890625 483.420013427734375 483.100006103515625 482.8599853515625 482.6400146484375 482.459991455078125
475.760009765625 477.730010986328125 479.540008544921875 481.1300048828125 482.410003662109375 482.970001220703125 483.3800048828125 483.779998779296875 484.230010986328125 484.79998779296875 485.339996337890625 485.79998779296875 486.160003662109375 486.3599853515625 486.420013427734375 486.519989013671875 486.779998779296875 487.17999267578125 487.6099853515625 487.970001220703125 488.239990234375 488.3800048828125 488.399993896484375 488.339996337890625 488.209991455078125 488.010009765625 487.739990234375 487.3900146484375 486.94000244140625 486.44000244140625 485.899993896484375 485.3599853515625 484.829986572265625 484.329986572265625 483.8900146484375 483.45001220703125 482.980010986328125 482.510009765625 482.05999755859375 481.69000244140625 481.42999267578125 481.209991455078125 481.05999755859375
473.980010986328125 476.010009765625 477.959991455078125 479.899993896484375 481.489990234375 482.19000244140625 482.6300048828125 483.019989013671875 483.45001220703125 483.989990234375 484.540008544921875 485.010009765625 485.3800048828125 485.6400146484375 485.730010986328125 485.769989013671875 485.94000244140625 486.350006103515625 486.739990234375 486.980010986328125 487.100006103515625 487.1199951171875 487.04998779296875 486.910003662109375 486.730010986328125 486.489990234375 486.20001220703125 485.8599853515625 485.45001220703125 485 484.519989013671875 484.04998779296875 483.55999755859375 483.100006103515625 482.649993896484375 482.17999267578125 481.69000244140625 481.19000244140625 480.730010986328125 480.329986572265625 480.040008544921875 479.829986572265625 479.720001220703125
472.32000732421875 474.3800048828125 476.45001220703125 478.55999755859375 480.350006103515625 481.279998779296875 481.779998779296875 482.209991455078125 482.670013427734375 483.239990234375 483.82000732421875 484.30999755859375 484.69000244140625 484.989990234375 485.170013427734375 485.230010986328125 485.209991455078125 485.589996337890625 485.92999267578125 486.079986572265625 486.07000732421875 485.959991455078125 485.769989013671875 485.529998779296875 485.260009765625 484.959991455078125 484.6300048828125 484.290008544921875 483.899993896484375 483.510009765625 483.100006103515625 482.67999267578125 482.25 481.82000732421875 481.3599853515625 480.8900146484375 480.3800048828125 479.8699951171875 479.3800048828125 478.980010986328125 478.67999267578125 478.5 478.42999267578125
470.739990234375 472.79998779296875 474.8800048828125 476.980010986328125 478.8800048828125 480.089996337890625 480.769989013671875 481.29998779296875 481.8599853515625 482.540008544921875 483.19000244140625 483.70001220703125 484.05999755859375 484.329986572265625 484.510009765625 484.529998779296875 484.54998779296875 484.8599853515625 485.17999267578125 485.239990234375 485.1099853515625 484.8699951171875 484.55999755859375 484.19000244140625 483.80999755859375 483.410003662109375 483.040008544921875 482.670013427734375 482.30999755859375 481.970001220703125 481.6300048828125 481.279998779296875 480.910003662109375 480.5 480.05999755859375 479.57000732421875 479.04998779296875 478.519989013671875 478.029998779296875 477.6400146484375 477.3599853515625 477.209991455078125 477.17999267578125
468.8699951171875 470.94000244140625 473.040008544921875 475.149993896484375 477.1099853515625 478.54998779296875 479.480010986328125 480.209991455078125 480.980010986328125 481.899993896484375 482.660003662109375 483.160003662109375 483.489990234375 483.70001220703125 483.82000732421875 483.8599853515625 483.959991455078125 484.220001220703125 484.45001220703125 484.44000244140625 484.209991455078125 483.829986572265625 483.3800048828125 482.8800048828125 482.350006103515625 481.850006103515625 481.399993896484375 481.019989013671875 480.67999267578125 480.3900146484375 480.1199951171875 479.850006103515625 479.529998779296875 479.160003662109375 478.730010986328125 478.230010986328125 477.70001220703125 477.160003662109375 476.670013427734375 476.30999755859375 476.05999755859375 475.95001220703125 475.980010986328125
466.970001220703125 468.94000244140625 471.07000732421875 473.290008544921875 475.32000732421875 476.8800048828125 478.029998779296875 479.040008544921875 480.170013427734375 481.399993896484375 482.260009765625 482.720001220703125 482.970001220703125 483.149993896484375 483.269989013671875 483.3599853515625 483.5 483.660003662109375 483.75 483.670013427734375 483.350006103515625 482.850006103515625 482.260009765625 481.57000732421875 480.8599853515625 480.220001220703125 479.70001220703125 479.30999755859375 479.019989013671875 478.79998779296875 478.589996337890625 478.3800048828125 478.1199951171875 477.779998779296875 477.3599853515625 476.8800048828125 476.339996337890625 475.79998779296875 475.339996337890625 474.989990234375 474.79998779296875 474.739990234375 474.80999755859375
