data/subzone_225_12_25m_ang.asc
ncols	83
nrows	163
xllcorner	1011837.500000
yllcorner	6281462.500000
cellsize	25.000000
NODATA_value	-9999.000000
[rows 48 to 95 of 163, columns 0 to 82 of 83]
184 189 197 204 210 215 221 226 232 238 242 244 240 230 215 198 181 171 180 199 212 219 224 227 229 230 230 230 231 232 232 231 228 222 216 210 203 195 192 196 204 211 216 220 225 228 228 224 221 221 222 222 220 215 211 217 227 234 236 233 228 222 217 210 201 196 202 213 225 239 245 244 239 229 217 206 197 190 183 175 163 156 156
185 189 198 205 211 216 221 226 232 238 243 244 239 228 214 199 183 172 179 195 206 212 217 221 224 226 227 227 228 230 229 227 224 219 214 209 204 196 191 195 203 210 217 222 227 231 229 224 221 221 221 220 217 214 212 217 226 232 234 232 228 224 218 209 198 195 205 216 227 238 244 242 234 224 212 200 190 183 178 173 166 162 162
185 190 197 204 210 215 220 225 231 237 242 242 237 226 213 199 185 173 176 190 202 209 215 220 223 225 226 226 228 229 229 226 222 218 213 209 205 198 192 196 204 213 220 226 230 233 231 225 221 222 222 219 216 213 213 219 226 232 233 232 229 224 217 205 195 195 206 218 228 236 240 236 228 218 208 198 189 182 177 170 163 160 160
184 189 196 202 209 214 218 223 230 236 241 241 236 224 212 199 186 175 175 188 202 210 216 222 225 227 227 228 229 230 229 227 223 218 214 210 207 201 196 198 207 216 222 228 232 234 230 224 221 222 222 219 216 215 216 222 228 233 234 232 228 222 213 203 194 195 206 218 228 234 235 231 223 216 209 200 192 184 175 166 157 153 153
180 185 193 199 206 212 216 221 227 234 239 240 235 224 212 199 186 177 178 189 203 212 219 225 228 230 230 230 230 230 230 229 225 218 213 211 209 205 200 201 209 217 223 229 233 234 229 222 220 222 222 220 217 217 220 224 230 234 234 232 227 221 213 203 195 197 206 218 228 231 231 227 221 216 211 203 193 183 174 164 154 149 149
174 180 189 196 203 208 213 218 225 231 236 237 233 223 212 198 184 175 178 189 202 211 219 226 231 233 233 232 230 228 230 231 227 218 210 209 209 206 203 204 211 218 224 230 234 234 227 221 220 222 222 220 218 219 222 226 230 233 234 232 228 222 214 204 198 200 206 217 225 229 228 225 221 216 211 203 191 182 175 165 152 147 147
167 174 185 192 199 205 211 217 223 229 233 233 229 221 211 198 181 171 175 188 201 211 219 226 231 233 233 230 227 226 229 231 228 219 208 205 207 206 205 208 214 221 226 232 236 234 227 221 222 224 222 220 219 220 222 226 229 232 232 231 228 222 214 205 200 201 205 213 221 225 226 224 220 216 210 202 192 183 176 165 151 144 144
159 167 180 188 195 204 212 219 224 229 231 230 227 220 211 198 181 168 171 186 201 212 220 227 231 232 231 227 222 223 228 231 228 220 207 201 203 206 208 213 219 225 230 235 238 235 227 222 224 225 222 220 220 220 222 225 229 231 231 230 227 220 212 205 201 201 204 210 216 221 223 222 219 215 211 206 198 187 175 162 148 142 142
150 159 174 185 195 205 215 222 227 229 230 229 226 221 212 199 183 168 168 183 201 213 222 229 233 233 229 224 219 221 227 230 228 222 209 199 201 207 212 217 224 229 234 238 239 235 226 223 226 226 223 221 221 221 223 226 228 230 230 228 225 219 212 205 201 200 202 206 213 218 221 221 220 218 215 210 202 188 171 159 148 142 142
141 150 168 184 198 209 218 225 230 231 229 228 226 221 214 203 188 171 168 182 201 214 224 231 235 234 229 221 217 220 227 231 230 223 212 201 201 208 215 220 225 230 235 239 238 233 227 227 230 230 227 224 224 224 225 227 229 230 229 227 224 219 213 206 202 200 201 204 210 216 219 221 221 219 216 210 201 187 170 159 150 145 145
135 144 164 184 200 210 219 226 230 231 229 227 226 223 217 208 195 177 170 182 201 216 227 235 238 237 229 220 217 222 229 233 232 225 215 205 203 210 217 221 225 231 236 238 236 231 228 231 234 233 231 229 228 227 228 229 231 231 230 228 225 221 216 210 205 202 202 205 210 216 219 221 221 218 214 208 199 188 175 163 153 148 148
131 141 163 184 199 210 220 227 230 231 228 226 226 224 220 213 202 186 175 183 203 219 231 239 241 238 230 220 218 224 231 235 234 228 217 209 208 213 219 224 228 233 237 237 233 229 228 230 231 230 228 226 225 225 226 228 230 231 230 229 227 224 220 215 210 206 206 208 212 217 220 221 221 218 214 207 200 192 182 170 156 149 149
133 141 163 182 197 211 221 228 230 230 228 227 227 226 222 216 208 195 181 186 206 225 237 243 244 239 230 220 218 226 233 237 237 231 221 215 215 218 223 227 230 236 239 236 231 228 227 228 227 224 220 217 216 218 220 223 225 227 229 230 230 228 225 221 216 213 211 211 214 218 221 222 222 219 214 207 202 197 190 178 162 152 152
137 144 162 180 198 213 224 229 230 230 230 229 230 229 225 219 213 203 190 193 214 232 243 247 246 238 230 222 219 227 235 239 239 235 227 223 224 226 229 232 235 239 239 235 230 229 228 228 226 221 215 211 211 214 217 220 223 225 228 230 231 230 228 224 220 217 215 214 214 218 222 224 224 221 216 209 205 202 196 186 169 158 158
140 146 162 181 199 215 226 230 230 231 232 232 233 230 226 221 216 209 200 203 222 238 247 250 246 237 228 223 222 230 238 244 245 242 238 238 239 240 240 241 242 244 241 236 234 233 233 231 227 221 214 210 211 215 219 222 225 228 230 232 233 232 230 227 224 221 218 216 214 217 222 226 227 224 219 213 209 206 201 194 180 168 168
143 148 164 183 201 217 227 231 232 232 233 234 234 230 225 222 219 215 211 215 230 242 250 251 245 235 226 223 224 232 243 251 252 250 250 253 257 261 261 259 257 253 248 243 241 241 239 236 229 222 215 211 214 220 225 229 231 233 235 237 237 235 233 230 227 225 221 218 214 215 222 227 229 227 222 217 213 209 205 200 190 181 181
146 152 167 186 205 221 231 235 235 235 236 237 235 230 225 222 222 223 223 228 238 247 252 251 243 231 224 222 226 234 243 250 252 251 251 254 260 267 273 275 274 269 260 253 250 248 244 238 228 220 215 214 220 228 233 236 238 239 241 241 240 237 233 229 229 228 225 221 216 215 220 227 229 228 224 219 215 210 207 204 199 195 195
150 156 173 196 217 231 240 243 241 239 239 240 237 231 225 223 226 229 232 236 243 249 251 248 237 227 220 221 227 234 240 244 245 246 247 248 251 257 265 272 276 276 269 261 256 252 247 237 224 217 214 217 224 230 234 237 239 240 242 242 240 236 231 228 228 229 228 224 218 214 219 226 230 229 225 220 216 212 209 207 206 206 206
163 166 190 225 244 253 256 255 251 246 244 243 239 233 227 225 227 231 233 236 241 246 247 241 229 220 214 215 222 228 232 236 238 240 241 243 244 246 250 256 261 264 262 258 254 250 244 232 217 211 213 217 223 228 231 233 236 238 240 242 240 236 230 228 228 228 227 223 217 213 217 225 230 229 226 221 217 214 212 210 210 212 212
199 201 236 270 282 284 279 272 265 258 251 247 242 234 228 227 229 231 232 232 234 239 239 232 222 213 207 210 217 222 225 228 231 233 236 238 238 239 242 245 248 248 247 247 246 242 236 222 208 203 208 215 220 224 227 231 233 236 239 241 240 237 231 228 228 228 227 223 218 212 214 224 230 230 226 221 217 215 214 212 212 212 212
231 235 261 283 297 306 303 293 284 275 264 254 246 235 229 230 231 231 230 227 229 233 233 226 217 208 203 208 215 219 221 223 225 228 231 232 232 233 235 238 239 238 235 235 236 233 225 213 199 195 203 211 217 222 226 229 233 236 239 240 240 237 231 228 228 229 228 225 220 214 212 222 230 231 227 221 218 217 216 214 212 211 211
240 242 253 273 292 310 316 309 302 297 288 268 251 238 232 233 233 232 229 226 228 231 230 222 213 205 202 208 214 217 219 220 221 224 225 225 225 226 229 231 232 229 226 227 227 223 216 206 194 190 199 209 215 221 226 230 234 237 239 240 239 236 231 227 228 230 230 228 223 216 212 220 231 232 227 221 219 219 218 216 213 212 212
241 241 246 260 277 297 313 314 310 310 310 290 258 241 237 237 237 236 231 226 229 232 229 220 210 203 203 209 214 216 216 217 218 220 221 221 220 221 224 227 228 226 224 223 221 217 210 201 190 188 197 208 216 222 227 232 236 238 239 239 238 235 231 227 228 231 232 231 226 219 213 219 229 232 228 222 220 220 219 217 215 214 214
242 241 244 253 264 277 295 306 309 314 324 313 260 241 238 239 241 240 233 226 229 232 228 219 209 204 207 211 214 216 215 216 217 219 220 220 219 220 224 227 229 228 227 225 221 215 207 198 189 188 197 208 216 223 228 233 236 238 238 237 235 233 230 228 228 231 233 233 229 222 215 218 227 230 227 224 221 220 220 217 215 216 216
243 242 245 251 256 262 272 286 299 312 339 360 259 241 240 242 244 242 232 224 229 232 228 218 210 208 212 216 219 220 220 220 221 223 224 223 222 223 227 231 232 232 232 229 223 214 204 193 187 188 196 207 215 221 227 231 234 235 235 234 232 231 230 230 230 232 234 234 231 225 218 219 226 228 226 223 222 221 221 218 217 218 218
243 243 246 250 252 255 261 271 285 304 354 32 346 250 246 247 245 241 230 222 229 232 226 216 210 212 217 219 222 224 226 228 231 232 232 230 229 228 231 234 234 233 231 227 220 212 200 187 182 187 195 204 212 219 225 229 232 233 232 231 230 230 231 232 234 236 237 236 232 227 222 221 226 227 225 223 222 221 221 219 218 220 220
243 243 246 250 252 254 258 265 273 288 352 35 26 288 262 256 250 241 230 222 228 230 222 212 210 213 215 215 217 219 222 226 232 236 237 235 233 231 232 234 234 232 230 224 217 210 198 183 176 183 193 203 211 218 224 229 231 231 230 229 229 230 232 234 237 241 242 239 234 228 223 221 225 228 227 225 223 221 220 218 219 221 221
243 244 247 250 254 257 260 262 265 272 318 28 25 342 289 272 259 245 233 226 228 229 219 211 209 210 211 212 212 215 218 222 226 230 232 233 233 232 233 234 233 232 230 225 218 210 199 183 174 179 191 202 211 218 225 230 232 232 230 228 228 230 233 236 239 242 245 242 236 229 223 220 222 226 228 228 225 223 220 217 219 221 221
244 245 247 252 256 261 263 263 261 262 282 359 16 2 318 291 278 264 250 237 232 228 217 210 210 211 214 215 217 218 220 223 226 227 228 230 231 232 233 234 233 232 229 226 221 212 200 184 172 176 189 202 212 220 227 233 234 233 230 228 228 231 235 238 240 242 243 244 241 234 226 221 221 222 225 227 226 224 221 218 218 219 219
246 246 248 254 259 264 267 265 262 259 265 299 353 2 341 311 301 298 289 257 234 223 214 210 211 215 218 221 222 223 225 228 230 230 230 231 231 232 232 232 232 229 227 224 220 212 200 183 171 173 187 202 213 222 230 235 236 233 230 228 230 233 236 238 240 240 240 239 239 237 229 222 219 219 221 223 223 222 220 218 217 218 218
247 247 250 255 261 265 266 264 259 253 257 272 305 345 345 325 311 309 315 281 214 208 205 205 208 212 215 217 219 220 224 229 232 233 234 234 234 233 231 230 228 226 225 223 219 210 200 187 173 172 187 202 213 224 232 236 236 233 230 229 232 235 237 238 239 238 236 233 230 227 223 218 215 216 219 220 220 218 216 214 215 217 217
248 248 251 256 261 263 262 257 251 248 253 260 270 291 324 322 308 303 321 101 156 184 194 199 203 206 210 212 214 216 220 225 229 231 233 234 234 232 230 227 225 223 224 224 220 213 204 193 179 174 186 202 214 225 234 237 237 233 230 232 235 237 238 239 239 237 234 228 223 219 216 212 211 213 217 219 219 217 215 213 215 218 218
250 250 252 256 259 259 256 250 244 244 248 248 248 250 257 279 287 286 288 109 126 157 180 192 197 201 205 208 210 213 219 223 226 229 232 234 233 231 227 224 221 221 224 226 223 217 210 200 184 177 187 203 216 227 235 239 238 235 234 236 238 239 240 240 239 237 233 227 221 216 213 211 209 210 214 218 220 219 217 214 216 218 218
252 252 253 255 257 256 251 244 240 241 241 239 237 233 234 245 257 253 171 117 119 137 164 182 190 195 201 204 207 212 219 224 227 231 234 236 235 231 225 222 219 219 223 226 224 219 214 205 189 180 188 203 218 230 238 242 241 240 240 242 243 243 243 242 241 239 235 228 221 217 214 211 210 210 213 217 219 220 218 216 218 220 220
254 253 253 255 255 253 247 240 238 238 235 233 230 225 227 234 236 225 173 128 119 127 149 171 183 190 197 202 207 214 222 227 231 235 238 239 237 232 224 220 217 218 223 226 224 220 217 208 194 185 191 208 224 236 242 245 243 242 242 243 244 245 245 244 243 242 238 231 224 219 215 213 211 211 213 215 218 219 218 216 220 224 224
254 253 252 253 253 249 243 237 235 233 231 229 224 221 224 227 223 211 178 141 124 123 137 160 175 185 195 203 211 220 227 232 235 239 242 242 240 232 224 218 215 217 223 226 223 222 220 212 199 192 199 215 229 237 240 240 238 237 238 239 240 242 243 244 244 242 239 233 226 221 217 214 212 212 213 214 215 217 216 216 221 226 226
253 251 249 249 249 245 240 235 232 229 227 226 221 219 222 221 216 207 183 152 131 123 128 147 167 181 194 205 214 223 230 235 238 242 244 245 241 233 224 216 213 216 223 225 223 223 223 216 204 197 204 216 225 230 232 232 232 232 233 235 237 238 240 241 242 241 238 232 225 220 217 214 213 213 214 214 214 214 214 215 223 228 228
250 248 245 245 245 242 237 233 229 225 224 222 219 218 219 218 214 206 188 163 141 126 124 135 158 177 193 205 214 223 230 235 240 244 246 245 240 233 225 215 211 216 223 224 223 225 225 218 207 202 207 216 222 226 228 230 231 232 232 234 236 238 239 240 240 239 236 231 225 220 216 214 213 214 216 215 214 213 211 215 224 229 229
245 243 240 240 240 238 235 231 226 222 221 219 217 217 217 216 213 206 193 173 149 132 125 130 148 171 190 202 211 220 227 233 239 244 246 244 239 233 227 217 211 216 222 225 226 228 228 220 210 206 211 218 222 226 228 230 231 232 232 234 236 238 240 241 240 238 235 231 225 220 216 214 213 215 216 216 215 213 210 215 226 231 231
240 237 235 235 235 234 231 227 223 220 218 217 216 216 216 215 212 207 197 180 158 140 130 129 141 164 186 198 208 217 225 231 237 242 244 242 238 234 230 222 215 219 227 231 233 234 231 222 213 211 214 218 221 223 225 227 229 230 231 234 236 239 241 242 241 238 235 230 225 220 217 215 214 215 216 216 215 213 211 216 228 233 233
233 232 231 231 231 230 229 225 222 219 218 217 217 216 216 214 211 206 197 184 168 151 137 132 137 156 180 195 207 217 225 231 236 239 239 238 237 235 233 227 221 227 239 245 244 242 236 226 218 215 215 216 217 219 221 225 228 230 233 236 239 241 243 243 242 239 235 230 225 220 216 214 215 215 215 216 215 213 213 219 230 234 234
225 227 228 229 229 229 228 226 224 222 220 218 217 216 215 213 208 202 196 188 177 163 148 138 138 150 174 193 208 220 228 233 236 236 235 234 233 232 231 228 221 226 243 256 259 250 240 229 221 215 213 214 216 218 222 226 230 232 235 238 240 242 243 243 241 239 235 231 226 220 216 215 215 216 215 216 215 213 215 222 231 235 235
218 223 227 229 230 230 230 229 227 225 221 218 216 215 214 212 208 203 198 193 185 173 158 147 142 149 169 191 209 222 230 235 236 234 232 232 231 229 226 223 214 217 236 251 259 254 241 229 220 213 211 214 218 221 224 228 231 233 235 237 240 241 242 242 241 239 236 232 227 222 219 217 217 217 215 215 214 214 217 224 232 236 236
215 221 228 231 232 233 233 233 231 227 223 219 216 216 215 214 212 209 205 199 191 179 164 152 147 151 168 189 209 224 233 238 237 232 231 233 232 229 226 220 210 211 232 246 253 254 245 234 224 217 214 217 221 224 227 230 232 233 235 237 238 240 241 241 239 238 236 234 229 225 221 219 219 218 217 214 214 215 219 225 233 236 236
217 223 230 234 235 236 237 236 234 231 226 223 221 221 221 220 218 215 212 206 198 184 166 152 148 152 166 188 209 225 236 240 237 231 231 234 234 232 228 222 212 212 232 245 250 257 265 262 245 230 223 222 225 228 231 233 234 235 236 237 239 240 240 239 237 236 234 232 229 224 221 220 220 220 218 215 214 217 221 226 233 236 236
219 224 231 235 237 238 239 239 237 233 230 228 228 229 229 228 226 224 220 216 206 189 163 148 146 151 163 187 210 228 239 243 239 232 233 237 237 235 232 226 216 216 234 244 249 255 269 284 283 265 242 230 230 232 234 235 236 237 237 238 239 240 240 238 236 233 231 228 224 220 218 219 220 220 218 216 216 220 222 226 233 236 236
221 225 231 235 238 240 242 241 238 235 232 231 232 234 236 237 238 237 234 230 219 193 158 141 140 147 160 185 211 230 242 245 241 236 238 243 243 241 237 230 222 223 236 244 247 251 259 272 290 301 289 241 233 234 235 236 237 238 239 240 240 240 239 238 235 232 229 226 222 218 216 217 219 221 219 218 220 223 224 228 233 236 236
222 225 230 234 238 242 244 244 241 238 236 235 235 236 238 241 243 243 240 232 218 194 161 136 132 140 156 182 211 231 243 245 241 238 245 252 253 252 247 239 230 231 239 244 247 249 251 254 267 292 335 305 238 238 239 240 240 241 241 241 241 240 239 237 234 231 230 227 223 219 216 217 220 222 222 222 224 227 228 230 234 235 235
