data/subzone.asc
ncols        82
nrows        82
xllcorner    1004537.500000000000
yllcorner    6291912.500000000000
cellsize     25.000000000000
NODATA_value  -9999
[rows 20 to 39 of 82, columns 0 to 42 of 82]
607.3900146484375 606.90997314453125 605.8599853515625 605.21002197265625 605.45001220703125 606.16998291015625 606.32000732421875 605.82000732421875 604.739990234375 602.95001220703125 600.25 597.09002685546875 593.84002685546875 590.28997802734375 586.8499755859375 583.3900146484375 580.29998779296875 577.46002197265625 574.9000244140625 572.78997802734375 571.07000732421875 569.5999755859375 567.3599853515625 564.3599853515625 561.04998779296875 557.8900146484375 555.030029296875 552.8800048828125 551.54998779296875 550.84002685546875 550.53997802734375 550.45001220703125 550.3800048828125 550.1500244140625 549.739990234375 549.1099853515625 548.19000244140625 547.04998779296875 545.739990234375 544.29998779296875 542.79998779296875 541.3499755859375 539.91998291015625
600.09002685546875 599.6099853515625 598.80999755859375 598.239990234375 598.4000244140625 598.90997314453125 599.1099853515625 599.07000732421875 598.58001708984375 597.30999755859375 595.1099853515625 592.55999755859375 589.989990234375 587.22998046875 584.530029296875 581.28997802734375 577.8599853515625 574.3900146484375 571.239990234375 568.72998046875 567.09002685546875 565.969970703125 564.3499755859375 561.67999267578125 558.6400146484375 555.55999755859375 552.72998046875 550.57000732421875 549.17999267578125 548.42999267578125 548.030029296875 547.8499755859375 547.71002197265625 547.47998046875 547.1199951171875 546.57000732421875 545.780029296875 544.79998779296875 543.6300048828125 542.29998779296875 540.8800048828125 539.42999267578125 537.92999267578125
592.8900146484375 592.719970703125 592.3699951171875 591.969970703125 591.97998046875 592.1400146484375 592.45001220703125 592.94000244140625 592.96002197265625 592.260009765625 590.67999267578125 588.67999267578125 586.70001220703125 584.489990234375 582.04998779296875 578.83001708984375 575.260009765625 571.28997802734375 567.47998046875 564.53997802734375 563.05999755859375 562.27001953125 561.07000732421875 558.92999267578125 556.08001708984375 553.08001708984375 550.32000732421875 548.15997314453125 546.75 545.91998291015625 545.45001220703125 545.219970703125 545.04998779296875 544.8499755859375 544.53997802734375 544.08001708984375 543.42999267578125 542.5999755859375 541.57000732421875 540.33001708984375 538.97998046875 537.54998779296875 536.010009765625
585.52001953125 585.8499755859375 585.989990234375 585.94000244140625 585.95001220703125 586.08001708984375 586.57000732421875 587.5 588 587.84002685546875 586.989990234375 585.6199951171875 584.04998779296875 582 579.41998291015625 576.1099853515625 572.46002197265625 568.33001708984375 564.22998046875 560.969970703125 559.3499755859375 558.66998291015625 557.59002685546875 555.75 553.19000244140625 550.3900146484375 547.77001953125 545.5999755859375 544.04998779296875 543.1500244140625 542.760009765625 542.6099853515625 542.46002197265625 542.28997802734375 542.04998779296875 541.66998291015625 541.1400146484375 540.42999267578125 539.510009765625 538.3800048828125 537.09002685546875 535.70001220703125 534.17999267578125
578.52001953125 579.33001708984375 579.94000244140625 580.22998046875 580.30999755859375 580.59002685546875 581.54998779296875 582.97998046875 583.8499755859375 583.96002197265625 583.6199951171875 582.91998291015625 581.5999755859375 579.510009765625 576.79998779296875 573.6199951171875 569.90997314453125 565.78997802734375 561.77001953125 558.34002685546875 556.30999755859375 555.19000244140625 553.96002197265625 552.239990234375 550.010009765625 547.510009765625 545.09002685546875 542.79998779296875 541.030029296875 540.17999267578125 540.010009765625 539.969970703125 539.8800048828125 539.760009765625 539.55999755859375 539.25 538.82000732421875 538.22998046875 537.42999267578125 536.40997314453125 535.21002197265625 533.8900146484375 532.489990234375
572.21002197265625 573.32000732421875 574.3699951171875 574.94000244140625 575.21002197265625 575.84002685546875 577.1500244140625 578.719970703125 580.010009765625 580.3900146484375 580.1199951171875 579.6500244140625 578.44000244140625 576.5 574.1099853515625 571.17999267578125 567.70001220703125 563.530029296875 559.59002685546875 556.1199951171875 553.59002685546875 551.84002685546875 550.34002685546875 548.67999267578125 546.71002197265625 544.54998779296875 542.34002685546875 540.09002685546875 538.21002197265625 537.34002685546875 537.32000732421875 537.3599853515625 537.32000732421875 537.22998046875 537.04998779296875 536.80999755859375 536.47998046875 536 535.32000732421875 534.41998291015625 533.32000732421875 532.1099853515625 530.83001708984375
566.5999755859375 567.8499755859375 569.19000244140625 570.04998779296875 570.65997314453125 571.66998291015625 573.1300048828125 574.5 575.83001708984375 576.30999755859375 575.79998779296875 575.469970703125 574.32000732421875 572.47998046875 570.27001953125 567.57000732421875 564.44000244140625 560.78997802734375 557.03997802734375 553.58001708984375 550.75 548.5999755859375 546.90997314453125 545.30999755859375 543.54998779296875 541.6500244140625 539.6400146484375 537.530029296875 535.75 534.82000732421875 534.77001953125 534.83001708984375 534.78997802734375 534.719970703125 534.58001708984375 534.3900146484375 534.1400146484375 533.760009765625 533.19000244140625 532.41998291015625 531.45001220703125 530.34002685546875 529.1500244140625
561.6300048828125 562.8599853515625 564.22998046875 565.28997802734375 566.260009765625 567.52001953125 569.05999755859375 570.33001708984375 571.28997802734375 571.44000244140625 570.760009765625 570.280029296875 569.1099853515625 567.4000244140625 565.34002685546875 562.97998046875 560.3699951171875 557.42999267578125 553.8900146484375 550.47998046875 547.6199951171875 545.40997314453125 543.719970703125 542.19000244140625 540.58001708984375 538.8900146484375 537 535.05999755859375 533.510009765625 532.530029296875 532.40997314453125 532.4000244140625 532.3499755859375 532.280029296875 532.15997314453125 532.010009765625 531.80999755859375 531.52001953125 531.05999755859375 530.4000244140625 529.55999755859375 528.57000732421875 527.47998046875
557.030029296875 558.17999267578125 559.33001708984375 560.41998291015625 561.58001708984375 562.969970703125 564.5999755859375 566.03997802734375 566.66998291015625 566.41998291015625 565.55999755859375 564.489990234375 563.16998291015625 561.58001708984375 559.6099853515625 557.46002197265625 555.239990234375 552.78997802734375 549.760009765625 546.78997802734375 544.239990234375 542.260009765625 540.69000244140625 539.260009765625 537.77001953125 536.219970703125 534.469970703125 532.67999267578125 531.3699951171875 530.6300048828125 530.21002197265625 530.04998779296875 529.989990234375 529.9000244140625 529.78997802734375 529.65997314453125 529.52001953125 529.280029296875 528.90997314453125 528.3699951171875 527.6500244140625 526.77001953125 525.79998779296875
552.66998291015625 553.58001708984375 554.53997802734375 555.6300048828125 557.09002685546875 558.6099853515625 560.09002685546875 561.46002197265625 561.91998291015625 561.4000244140625 560.3599853515625 558.95001220703125 557.21002197265625 555.52001953125 553.54998779296875 551.52001953125 549.58001708984375 547.53997802734375 545.260009765625 542.94000244140625 540.8900146484375 539.219970703125 537.83001708984375 536.469970703125 535.08001708984375 533.65997314453125 532.07000732421875 530.44000244140625 529.25 528.530029296875 528.04998779296875 527.79998779296875 527.67999267578125 527.58001708984375 527.46002197265625 527.3499755859375 527.22998046875 527.03997802734375 526.75 526.29998779296875 525.69000244140625 524.94000244140625 524.07000732421875
548.44000244140625 549.1300048828125 550.030029296875 551.0999755859375 552.80999755859375 554.530029296875 555.91998291015625 557.1199951171875 557.3499755859375 556.55999755859375 555.239990234375 553.59002685546875 551.54998779296875 549.760009765625 547.91998291015625 546.1099853515625 544.44000244140625 542.80999755859375 541.05999755859375 539.28997802734375 537.69000244140625 536.30999755859375 535.030029296875 533.760009765625 532.5 531.22998046875 529.82000732421875 528.40997314453125 527.28997802734375 526.5 525.97998046875 525.6300048828125 525.44000244140625 525.30999755859375 525.17999267578125 525.07000732421875 524.96002197265625 524.80999755859375 524.57000732421875 524.20001220703125 523.69000244140625 523.03997802734375 522.27001953125
544.46002197265625 544.91998291015625 546.02001953125 547.17999267578125 548.91998291015625 550.6099853515625 551.84002685546875 552.70001220703125 552.5999755859375 551.55999755859375 549.8499755859375 547.90997314453125 545.97998046875 544.510009765625 543.08001708984375 541.5999755859375 540.1500244140625 538.72998046875 537.29998779296875 535.90997314453125 534.6300048828125 533.42999267578125 532.260009765625 531.1400146484375 530.030029296875 528.90997314453125 527.71002197265625 526.52001953125 525.469970703125 524.6300048828125 524.02001953125 523.5999755859375 523.30999755859375 523.1099853515625 522.95001220703125 522.83001708984375 522.719970703125 522.59002685546875 522.3900146484375 522.09002685546875 521.6500244140625 521.08001708984375 520.3900146484375
541.21002197265625 541.260009765625 542.44000244140625 543.80999755859375 545.29998779296875 546.6300048828125 547.57000732421875 547.97998046875 547.59002685546875 546.33001708984375 544.54998779296875 542.75 541.21002197265625 540.08001708984375 538.8800048828125 537.59002685546875 536.30999755859375 535.08001708984375 533.8599853515625 532.69000244140625 531.58001708984375 530.53997802734375 529.55999755859375 528.6199951171875 527.67999267578125 526.71002197265625 525.69000244140625 524.6500244140625 523.67999267578125 522.84002685546875 522.1500244140625 521.6400146484375 521.25 520.97998046875 520.760009765625 520.6199951171875 520.510009765625 520.3900146484375 520.22998046875 519.95001220703125 519.57000732421875 519.05999755859375 518.44000244140625
537.6099853515625 538.030029296875 538.8800048828125 540.22998046875 541.489990234375 542.3800048828125 543.08001708984375 543.1099853515625 542.530029296875 541.239990234375 539.71002197265625 538.22998046875 537.030029296875 535.989990234375 534.8800048828125 533.77001953125 532.69000244140625 531.6199951171875 530.54998779296875 529.52001953125 528.59002685546875 527.75 526.97998046875 526.219970703125 525.42999267578125 524.5999755859375 523.69000244140625 522.75 521.83001708984375 520.989990234375 520.27001953125 519.69000244140625 519.22998046875 518.8800048828125 518.6300048828125 518.45001220703125 518.33001708984375 518.219970703125 518.07000732421875 517.82000732421875 517.46002197265625 516.989990234375 516.40997314453125
533.19000244140625 533.82000732421875 534.58001708984375 535.66998291015625 537.04998779296875 538 538.4000244140625 538.20001220703125 537.59002685546875 536.42999267578125 535.08001708984375 533.83001708984375 532.79998779296875 531.8699951171875 530.94000244140625 530.030029296875 529.16998291015625 528.260009765625 527.34002685546875 526.5 525.77001953125 525.1199951171875 524.510009765625 523.9000244140625 523.25 522.53997802734375 521.739990234375 520.8699951171875 520.010009765625 519.17999267578125 518.42999267578125 517.79998779296875 517.27001953125 516.8599853515625 516.55999755859375 516.34002685546875 516.19000244140625 516.08001708984375 515.92999267578125 515.67999267578125 515.34002685546875 514.8900146484375 514.33001708984375
528.3499755859375 528.8800048828125 529.69000244140625 530.69000244140625 532.22998046875 533.52001953125 533.8499755859375 533.40997314453125 532.72998046875 531.6300048828125 530.4000244140625 529.3699951171875 528.54998779296875 527.80999755859375 527.09002685546875 526.4000244140625 525.739990234375 525.05999755859375 524.3599853515625 523.70001220703125 523.1300048828125 522.6300048828125 522.1500244140625 521.65997314453125 521.1099853515625 520.510009765625 519.80999755859375 519.030029296875 518.219970703125 517.41998291015625 516.65997314453125 515.97998046875 515.3800048828125 514.9000244140625 514.52001953125 514.260009765625 514.09002685546875 513.95001220703125 513.78997802734375 513.55999755859375 513.219970703125 512.77001953125 512.219970703125
523.530029296875 523.989990234375 524.75 525.780029296875 527.3599853515625 528.80999755859375 529.1500244140625 528.58001708984375 527.84002685546875 526.83001708984375 525.8599853515625 525.1500244140625 524.55999755859375 523.95001220703125 523.4000244140625 522.91998291015625 522.489990234375 522.04998779296875 521.55999755859375 521.09002685546875 520.6500244140625 520.260009765625 519.8800048828125 519.469970703125 519.010009765625 518.489990234375 517.8800048828125 517.19000244140625 516.45001220703125 515.66998291015625 514.90997314453125 514.17999267578125 513.52001953125 512.969970703125 512.530029296875 512.219970703125 512.02001953125 511.8599853515625 511.69000244140625 511.44000244140625 511.089996337890625 510.6400146484375 510.089996337890625
519.1500244140625 519.58001708984375 520.22998046875 521.3599853515625 522.79998779296875 524.05999755859375 524.22998046875 523.780029296875 523.1500244140625 522.3900146484375 521.719970703125 521.21002197265625 520.739990234375 520.22998046875 519.8699951171875 519.6099853515625 519.40997314453125 519.19000244140625 518.9000244140625 518.58001708984375 518.27001953125 517.969970703125 517.67999267578125 517.34002685546875 516.95001220703125 516.5 515.96002197265625 515.34002685546875 514.6500244140625 513.90997314453125 513.1400146484375 512.3800048828125 511.670013427734375 511.05999755859375 510.57000732421875 510.220001220703125 509.989990234375 509.80999755859375 509.6199951171875 509.350006103515625 508.989990234375 508.529998779296875 507.989990234375
515.489990234375 515.6400146484375 516.22998046875 517.44000244140625 518.91998291015625 519.78997802734375 519.72998046875 519.57000732421875 519.1300048828125 518.52001953125 517.91998291015625 517.46002197265625 516.989990234375 516.6300048828125 516.45001220703125 516.41998291015625 516.46002197265625 516.41998291015625 516.29998779296875 516.1199951171875 515.91998291015625 515.719970703125 515.5 515.25 514.92999267578125 514.52001953125 514.02001953125 513.45001220703125 512.79998779296875 512.0999755859375 511.329986572265625 510.55999755859375 509.82000732421875 509.17999267578125 508.660003662109375 508.279998779296875 508.010009765625 507.80999755859375 507.600006103515625 507.32000732421875 506.94000244140625 506.470001220703125 505.95001220703125
512.07000732421875 512.03997802734375 512.5999755859375 513.780029296875 515.1099853515625 516.08001708984375 516.280029296875 516.19000244140625 515.66998291015625 514.94000244140625 514.27001953125 513.78997802734375 513.3699951171875 513.15997314453125 513.17999267578125 513.3699951171875 513.6500244140625 513.84002685546875 513.91998291015625 513.8800048828125 513.780029296875 513.6400146484375 513.45001220703125 513.22998046875 512.94000244140625 512.55999755859375 512.07000732421875 511.510009765625 510.899993896484375 510.220001220703125 509.470001220703125 508.70001220703125 507.959991455078125 507.29998779296875 506.769989013671875 506.3800048828125 506.100006103515625 505.8800048828125 505.6400146484375 505.339996337890625 504.959991455078125 504.489990234375 503.970001220703125
