data/subzone.asc
ncols        82
nrows        162
xllcorner    1011837.500000000000
yllcorner    6281462.500000000000
cellsize     25.000000000000
NODATA_value  -9999
[rows 38 to 56 of 162, columns 0 to 42 of 82]
307.589996337890625 298.8699951171875 289.480010986328125 288.04998779296875 288.480010986328125 288.399993896484375 294.470001220703125 304.70001220703125 313.6400146484375 322.6300048828125 333.3800048828125 342.660003662109375 347.1199951171875 344.04998779296875 332.30999755859375 318.79998779296875 307.769989013671875 317.769989013671875 327.079986572265625 337.160003662109375 347.6199951171875 358.100006103515625 368.489990234375 377.779998779296875 384.1400146484375 389.510009765625 394.1400146484375 397.69000244140625 399.459991455078125 402.8900146484375 403.45001220703125 404.149993896484375 401.04998779296875 392.170013427734375 383.790008544921875 379.20001220703125 372.3599853515625 368.3599853515625 362.1400146484375 363.290008544921875 368.739990234375 371.540008544921875 373.010009765625
303.489990234375 296.709991455078125 286.899993896484375 283.1400146484375 282.760009765625 286.739990234375 294.8900146484375 305.029998779296875 314.1199951171875 323.829986572265625 334.489990234375 344.670013427734375 346.739990234375 343.329986572265625 330.6300048828125 316.5 302.20001220703125 315.089996337890625 324.410003662109375 334.3800048828125 345.239990234375 356.079986572265625 365.510009765625 373.980010986328125 377.6099853515625 381.8900146484375 384.989990234375 388.730010986328125 393.149993896484375 393.8900146484375 397.209991455078125 398.350006103515625 395.730010986328125 388.730010986328125 379.160003662109375 375.160003662109375 371.989990234375 364 356.779998779296875 359.1099853515625 365.829986572265625 371.1099853515625 374.8599853515625
298.149993896484375 294.279998779296875 284.20001220703125 277.80999755859375 280.32000732421875 287.660003662109375 295.769989013671875 304.910003662109375 315.82000732421875 325.8900146484375 336.329986572265625 343.730010986328125 346.829986572265625 342.6199951171875 327.649993896484375 312.589996337890625 299.290008544921875 308.209991455078125 318.529998779296875 329.579986572265625 339.779998779296875 350.5 359.79998779296875 366.850006103515625 371.089996337890625 373.57000732421875 375.3699951171875 376.489990234375 380.600006103515625 384.8599853515625 390.44000244140625 392.410003662109375 391.42999267578125 383.6400146484375 373.25 369.1300048828125 365.399993896484375 359.160003662109375 351.649993896484375 355.94000244140625 364.899993896484375 370.05999755859375 372.92999267578125
292.720001220703125 290.239990234375 281.3800048828125 274.959991455078125 280.170013427734375 288.260009765625 295.739990234375 305.730010986328125 316.1300048828125 326.470001220703125 336.230010986328125 344.089996337890625 347.69000244140625 341.279998779296875 325.80999755859375 309.899993896484375 297.8800048828125 299.019989013671875 311.709991455078125 323.17999267578125 333.589996337890625 342.790008544921875 352.339996337890625 358.019989013671875 361.170013427734375 362.589996337890625 362.489990234375 365 368.17999267578125 375.6199951171875 384.739990234375 386.82000732421875 387.30999755859375 381.279998779296875 372.55999755859375 362.55999755859375 356.779998779296875 351.69000244140625 345.480010986328125 354.600006103515625 362.32000732421875 366 368.290008544921875
284.6400146484375 285.459991455078125 278.79998779296875 272.589996337890625 278.1400146484375 286.589996337890625 295.5 305.6099853515625 315.92999267578125 326.19000244140625 336.329986572265625 344.790008544921875 347.839996337890625 338.769989013671875 324.079986572265625 308.290008544921875 293.970001220703125 293.019989013671875 304.17999267578125 315.1099853515625 325.100006103515625 334.239990234375 341.45001220703125 346.05999755859375 348.600006103515625 349.720001220703125 349.6300048828125 352.42999267578125 362.20001220703125 371.720001220703125 381.239990234375 385.519989013671875 385.160003662109375 379.480010986328125 369.920013427734375 361.160003662109375 351.600006103515625 343.959991455078125 342.839996337890625 353.3800048828125 359.5 358.480010986328125 364.230010986328125
276.1099853515625 279.04998779296875 275.45001220703125 270.8699951171875 276.82000732421875 285.25 295.6199951171875 305.989990234375 315.660003662109375 326.100006103515625 336.67999267578125 344.69000244140625 346.67999267578125 335.489990234375 320.790008544921875 305.769989013671875 291.149993896484375 285.989990234375 297.660003662109375 307.1099853515625 316.399993896484375 323.3699951171875 327.989990234375 331.57000732421875 334.739990234375 335.80999755859375 337.19000244140625 346.1400146484375 357.8699951171875 369.040008544921875 379.05999755859375 384.82000732421875 383.6300048828125 376.8599853515625 367.079986572265625 356.920013427734375 348.92999267578125 339.730010986328125 341.649993896484375 351.230010986328125 354.92999267578125 355.19000244140625 357.019989013671875
268.720001220703125 271.42999267578125 270.20001220703125 269.1099853515625 276.6099853515625 285.579986572265625 295.980010986328125 306.75 316.82000732421875 326.8699951171875 336.3900146484375 343.739990234375 343.040008544921875 331.3800048828125 317.649993896484375 302.829986572265625 287.149993896484375 279.760009765625 290.75 299.45001220703125 307.17999267578125 311.790008544921875 314.769989013671875 318.19000244140625 321.279998779296875 321.67999267578125 333.989990234375 345.709991455078125 356.769989013671875 368.010009765625 376.92999267578125 382.420013427734375 382.44000244140625 377.6300048828125 368.17999267578125 356.3900146484375 345.529998779296875 338.19000244140625 339.239990234375 347.269989013671875 353.8599853515625 354.32000732421875 356.70001220703125
264.79998779296875 265.160003662109375 267.67999267578125 268.720001220703125 276.760009765625 286.04998779296875 296.32000732421875 306.760009765625 316.089996337890625 326.32000732421875 335.029998779296875 341.44000244140625 339.579986572265625 326.3900146484375 312.30999755859375 298.279998779296875 284.25 274.07000732421875 281.910003662109375 290.57000732421875 297.55999755859375 298.760009765625 299.67999267578125 303.730010986328125 313.660003662109375 325.55999755859375 338.220001220703125 349.459991455078125 359.82000732421875 368.6400146484375 376.790008544921875 381.95001220703125 381.1400146484375 376.239990234375 369.040008544921875 358.010009765625 345.70001220703125 335.55999755859375 331.730010986328125 337.829986572265625 344.100006103515625 354.170013427734375 356.279998779296875
261.6300048828125 261.3800048828125 263.69000244140625 266.600006103515625 275.510009765625 284.3900146484375 293.420013427734375 302.95001220703125 313.829986572265625 324.920013427734375 333.579986572265625 339.67999267578125 337.80999755859375 324 308.220001220703125 293.480010986328125 280.529998779296875 271.45001220703125 273.420013427734375 281.899993896484375 283.69000244140625 282.790008544921875 290.75 302.6300048828125 317.329986572265625 331.420013427734375 343.79998779296875 352.6300048828125 362.339996337890625 369.92999267578125 376.470001220703125 379.739990234375 378.279998779296875 370.160003662109375 363.20001220703125 355.239990234375 345.079986572265625 334.420013427734375 327.07000732421875 329.760009765625 340.230010986328125 349.6400146484375 357.07000732421875
257.970001220703125 255.0399932861328125 257.579986572265625 266.19000244140625 274.410003662109375 283.589996337890625 291.94000244140625 302.220001220703125 312.910003662109375 324.709991455078125 332.55999755859375 338.660003662109375 335.459991455078125 320.6400146484375 304.42999267578125 290.5 277.019989013671875 265.20001220703125 267.019989013671875 271.029998779296875 274.489990234375 284.459991455078125 296.6300048828125 309.6199951171875 323.410003662109375 337.5 348.100006103515625 356.779998779296875 364.32000732421875 371.829986572265625 376.3900146484375 378.209991455078125 376.760009765625 368.019989013671875 356.739990234375 347.94000244140625 340.70001220703125 330.3900146484375 322.92999267578125 329.730010986328125 336.92999267578125 346.029998779296875 359.55999755859375
254.2100067138671875 252.470001220703125 260.329986572265625 268.6199951171875 277.07000732421875 285.149993896484375 293.55999755859375 304.350006103515625 313.3900146484375 324.44000244140625 332.3599853515625 336.739990234375 330.57000732421875 318.20001220703125 303.510009765625 288.829986572265625 273.6199951171875 260.69000244140625 256.959991455078125 268.04998779296875 277.399993896484375 288.1400146484375 300.94000244140625 313.790008544921875 327.29998779296875 339.6300048828125 349.79998779296875 357.1099853515625 363.69000244140625 370.510009765625 373.850006103515625 374.57000732421875 371.94000244140625 367.1300048828125 356.95001220703125 345.459991455078125 333.75 325.8800048828125 319.230010986328125 324.44000244140625 331.970001220703125 341.3900146484375 355.220001220703125
249.4499969482421875 253.2899932861328125 262.350006103515625 271.1300048828125 280.05999755859375 288.20001220703125 295.790008544921875 305.260009765625 314.8599853515625 325.67999267578125 332.829986572265625 335.1400146484375 327.220001220703125 314.529998779296875 301.850006103515625 286.3800048828125 271.410003662109375 257.339996337890625 254.910003662109375 265.75 276.839996337890625 288.510009765625 301.6099853515625 315.290008544921875 327.720001220703125 338.3800048828125 346.899993896484375 352.45001220703125 360.769989013671875 365.8699951171875 368.29998779296875 367.010009765625 362.67999267578125 357.3800048828125 349.260009765625 342.510009765625 334.3900146484375 323.329986572265625 314.489990234375 316.350006103515625 324.649993896484375 333.920013427734375 347.32000732421875
247.0200042724609375 255.7599945068359375 263.290008544921875 272.739990234375 282.67999267578125 291.660003662109375 299.790008544921875 308.529998779296875 317.94000244140625 326.45001220703125 332.170013427734375 333.80999755859375 325.470001220703125 312.269989013671875 298.6099853515625 284.1400146484375 269.69000244140625 256.6400146484375 247.55999755859375 260.089996337890625 273.07000732421875 284.839996337890625 298.600006103515625 312.6300048828125 323.20001220703125 332.5 340.480010986328125 347.1400146484375 353.910003662109375 359.3599853515625 360.290008544921875 355.54998779296875 348.779998779296875 343.489990234375 338.55999755859375 332.55999755859375 329.239990234375 320.079986572265625 309.3800048828125 309.410003662109375 319.339996337890625 330.399993896484375 342.790008544921875
247.0200042724609375 258.160003662109375 266.92999267578125 275.29998779296875 285.540008544921875 295.010009765625 302.55999755859375 311.160003662109375 318.970001220703125 325.69000244140625 331.910003662109375 332.459991455078125 321.730010986328125 307.040008544921875 292.739990234375 278.519989013671875 264.80999755859375 252.19000244140625 242.5 255.57000732421875 268.410003662109375 281.399993896484375 294.69000244140625 307.6400146484375 317.670013427734375 325.959991455078125 334 340.010009765625 346.709991455078125 349.3800048828125 349.8699951171875 347.279998779296875 338.42999267578125 328.989990234375 324.70001220703125 319.829986572265625 318.670013427734375 313.1300048828125 303.29998779296875 306.1300048828125 317.170013427734375 329.910003662109375 340.75
249.32000732421875 258.670013427734375 267.94000244140625 277.07000732421875 287.6199951171875 297.260009765625 306.040008544921875 313.17999267578125 319.8800048828125 327.1099853515625 332.3599853515625 330.75 318.720001220703125 302.07000732421875 287.3800048828125 272.6300048828125 257.579986572265625 245.3800048828125 244.6100006103515625 257.350006103515625 270.730010986328125 283.220001220703125 294.670013427734375 304.910003662109375 312.149993896484375 320.3699951171875 327.8599853515625 333.790008544921875 338.160003662109375 336.720001220703125 336.910003662109375 338.660003662109375 331.350006103515625 318.17999267578125 310.989990234375 307.05999755859375 306.730010986328125 303.040008544921875 296.660003662109375 304.8900146484375 315.040008544921875 328.6099853515625 339.42999267578125
248.529998779296875 258.480010986328125 267.489990234375 276.92999267578125 287.1300048828125 296.970001220703125 305.480010986328125 312.6199951171875 320.170013427734375 327.779998779296875 332.3699951171875 330.75 319.010009765625 303.040008544921875 286.6300048828125 270.269989013671875 253.899993896484375 240.6699981689453125 242.0800018310546875 257.3599853515625 271.75 284.20001220703125 292.579986572265625 301.6099853515625 310.829986572265625 318.70001220703125 324.6199951171875 329.850006103515625 326.510009765625 323.339996337890625 325.709991455078125 330.839996337890625 326.3800048828125 312.470001220703125 299.44000244140625 293.970001220703125 294.489990234375 289.420013427734375 292.529998779296875 299.230010986328125 310.980010986328125 324.8800048828125 337.170013427734375
246.3699951171875 256.3800048828125 267.100006103515625 277.1300048828125 284.8900146484375 293.6300048828125 299.920013427734375 307.160003662109375 316.529998779296875 324.040008544921875 328.410003662109375 327.220001220703125 318.1300048828125 302.160003662109375 286.3800048828125 269.760009765625 254.5800018310546875 237.970001220703125 235.7100067138671875 253.32000732421875 266.649993896484375 278.920013427734375 288.92999267578125 300.410003662109375 310.839996337890625 317.3800048828125 322.6300048828125 319.92999267578125 313.20001220703125 312.790008544921875 317.760009765625 322.1400146484375 319.600006103515625 308.209991455078125 293.470001220703125 280.899993896484375 282.649993896484375 278.8599853515625 284.6099853515625 293.790008544921875 307.6400146484375 321.1300048828125 334.3800048828125
241.4900054931640625 253.4799957275390625 264.739990234375 272.1199951171875 276.709991455078125 282.019989013671875 291.089996337890625 303.04998779296875 312.70001220703125 317.92999267578125 320.339996337890625 320.329986572265625 315.470001220703125 304.079986572265625 286.149993896484375 269.170013427734375 252.19000244140625 235.720001220703125 232.6399993896484375 247.9900054931640625 261.489990234375 275.1300048828125 286.730010986328125 298.6400146484375 309.05999755859375 314.239990234375 315.170013427734375 309.1400146484375 303.019989013671875 303.100006103515625 309.5 313.79998779296875 312.010009765625 303.92999267578125 287.8699951171875 274.260009765625 271.220001220703125 272.42999267578125 278.239990234375 287.269989013671875 303.279998779296875 316.420013427734375 329.970001220703125
236.3000030517578125 245.9199981689453125 253.8000030517578125 259.05999755859375 263.670013427734375 273.3699951171875 286.230010986328125 298.94000244140625 307.20001220703125 310.790008544921875 309.920013427734375 310.67999267578125 308.720001220703125 303.05999755859375 289.579986572265625 271.459991455078125 254.4600067138671875 234.4799957275390625 228.529998779296875 242.8699951171875 256 270.80999755859375 283.989990234375 296.670013427734375 306.739990234375 307.540008544921875 302.6300048828125 297.489990234375 291.089996337890625 291.55999755859375 297.69000244140625 301.769989013671875 302.30999755859375 294.6099853515625 280.519989013671875 266.04998779296875 260.29998779296875 265.67999267578125 276.459991455078125 286.80999755859375 303.739990234375 317.44000244140625 331.010009765625
