data/subzone_225_12_25m_vel.asc
ncols	83
nrows	163
xllcorner	1011837.500000
yllcorner	6281462.500000
cellsize	25.000000
NODATA_value	-9999.000000
[rows 35 to 69 of 163, columns 0 to 77 of 83]
19.32 19.62 20.36 20.64 20.67 20.55 20.51 20.58 20.55 20.24 19.41 18.11 16.64 15.01 13.68 13.51 14.48 16.15 18.18 20.22 22.12 23.96 25.93 27.82 29.14 29.93 30.19 29.50 27.92 26.05 24.32 22.76 21.05 19.01 17.37 16.20 15.26 15.13 15.59 16.49 17.43 17.40 16.23 14.59 12.54 11.22 11.92 13.58 13.63 12.69 11.68 10.25 9.65 10.39 10.60 9.12 6.40 5.45 8.98 13.95 17.80 20.87 23.21 24.33 23.89 22.27 20.20 18.23 16.28 13.91 12.00 11.05 11.37 12.35 13.76 15.26 16.64 17.77
16.02 16.84 18.41 19.40 19.93 20.10 20.03 20.07 20.19 20.17 19.87 19.11 17.63 15.25 13.00 12.62 13.60 14.94 16.51 18.16 19.76 21.28 22.86 24.66 26.48 27.87 28.81 29.35 29.23 28.44 27.21 25.66 23.81 21.84 20.16 19.08 18.39 18.20 18.48 19.15 19.90 20.03 18.83 16.65 14.09 12.11 12.48 14.77 15.61 14.35 12.37 10.34 8.93 8.65 8.84 8.36 6.43 4.99 6.83 10.65 13.48 15.79 17.89 19.57 20.37 20.03 18.56 16.89 15.24 13.30 11.48 10.62 10.68 11.26 12.33 13.65 14.93 16.19
13.64 13.82 14.86 16.17 17.08 17.70 18.00 18.15 18.51 18.96 19.33 19.36 18.37 15.75 12.56 11.63 12.50 13.67 14.78 16.05 17.43 18.86 20.27 21.85 23.62 25.19 26.40 27.56 28.60 29.10 28.89 27.97 26.39 24.59 23.21 22.25 21.64 21.48 21.72 22.18 22.68 22.80 21.76 19.17 15.91 13.40 13.28 15.56 16.98 15.78 13.12 10.88 9.43 8.43 8.06 7.91 7.15 6.49 7.40 8.95 10.35 11.80 13.32 14.70 15.92 16.42 15.51 14.37 13.69 12.55 11.35 10.77 10.68 10.78 11.28 12.28 13.50 14.71
12.93 12.37 12.32 13.32 14.43 15.39 16.20 16.72 17.21 17.89 18.69 19.24 18.64 16.08 12.33 10.67 11.25 12.35 13.39 14.51 15.93 17.34 18.67 20.03 21.53 23.05 24.34 25.48 26.82 28.11 28.83 28.69 27.53 25.83 24.66 23.80 23.02 22.65 22.97 23.71 24.46 24.91 24.52 22.29 18.63 15.73 15.04 16.66 18.03 16.93 13.94 11.51 10.46 9.45 8.59 8.13 7.98 8.37 8.93 9.21 9.45 10.02 10.51 11.06 12.05 12.57 11.95 11.79 12.57 12.54 11.60 10.90 10.68 10.55 10.56 11.04 12.05 13.37
13.02 12.25 11.54 11.96 13.01 14.04 15.12 16.09 16.74 17.37 18.38 19.23 18.72 16.06 12.15 10.10 10.53 11.76 13.15 14.43 15.87 17.21 18.33 19.22 20.15 21.29 22.60 23.86 25.13 26.51 27.66 27.96 26.98 25.09 23.78 23.16 22.43 21.74 21.85 22.90 24.37 25.63 26.29 25.33 22.37 19.21 17.77 18.34 19.14 18.04 15.12 12.57 11.70 11.01 9.60 8.62 8.82 9.73 10.04 9.60 9.36 9.56 9.46 9.26 9.61 9.54 8.67 8.80 10.29 11.40 11.32 10.73 10.23 9.82 9.52 9.66 10.48 11.83
13.08 12.56 11.79 11.82 12.67 13.65 14.61 15.67 16.55 17.29 18.43 19.49 18.98 16.06 12.04 9.95 10.35 11.58 13.21 14.60 15.96 17.21 18.27 18.96 19.41 19.97 20.92 22.25 23.76 25.20 26.37 26.77 25.71 23.26 21.23 20.85 20.76 20.23 20.09 21.10 23.00 24.94 26.55 27.06 25.69 23.17 21.20 20.61 20.45 19.21 16.63 14.23 13.13 12.44 10.82 9.82 10.50 11.33 11.15 10.32 9.48 9.02 8.51 8.07 8.11 7.87 6.93 6.86 7.53 8.34 9.03 9.27 9.04 8.39 7.57 7.47 8.46 9.86
12.92 12.83 12.34 12.22 12.92 13.82 14.54 15.41 16.40 17.39 18.70 19.87 19.34 16.20 11.94 9.87 10.17 11.06 12.48 13.95 15.26 16.51 17.70 18.57 19.00 19.23 19.64 20.60 22.20 24.04 25.42 25.83 24.67 21.77 18.78 17.89 18.30 18.49 18.64 19.63 21.44 23.47 25.61 27.20 27.36 26.19 24.55 23.14 22.03 20.62 18.40 16.16 14.63 13.52 12.12 11.48 12.58 13.28 12.67 11.48 10.18 9.21 8.43 7.93 7.85 7.81 7.44 7.10 6.78 6.40 6.18 6.66 7.42 7.17 5.69 5.09 6.17 7.51
12.60 12.93 12.87 12.65 13.15 13.96 14.54 15.24 16.21 17.38 18.91 20.23 19.64 16.36 12.09 9.89 9.90 10.41 11.34 12.75 14.12 15.48 16.75 17.79 18.39 18.59 18.80 19.52 20.87 22.86 24.73 25.24 23.99 21.11 17.79 15.91 15.83 16.47 17.29 18.48 19.99 21.72 24.02 26.25 27.54 27.66 26.79 25.26 23.59 22.09 20.38 18.28 16.12 14.29 13.26 13.42 14.63 15.15 14.37 12.89 11.30 10.14 9.22 8.74 8.79 8.88 8.75 8.33 8.06 7.44 6.14 5.80 6.86 6.85 4.93 3.63 4.21 5.30
12.12 12.80 13.21 12.89 13.05 13.72 14.37 15.04 15.96 17.26 18.99 20.47 19.84 16.43 12.37 10.02 9.69 10.01 10.42 11.45 12.79 14.18 15.58 16.79 17.57 17.87 18.03 18.66 19.97 21.96 24.06 24.81 23.57 20.76 17.52 15.30 14.54 15.06 16.30 17.86 19.09 20.13 22.25 24.96 27.10 28.16 27.98 26.64 24.75 23.30 22.18 20.44 17.85 15.20 14.10 14.84 16.51 16.92 15.77 14.11 12.45 10.98 9.72 8.95 8.84 9.02 9.22 9.32 9.75 9.89 8.65 7.28 7.42 7.07 5.07 3.52 3.37 3.88
11.57 12.28 13.05 12.89 12.91 13.43 14.16 14.98 15.91 17.22 19.06 20.60 19.86 16.33 12.47 10.08 9.43 9.65 9.85 10.53 11.62 12.93 14.35 15.77 16.73 17.11 17.31 17.81 18.98 20.99 23.19 24.27 23.38 20.77 17.57 15.21 14.24 14.57 15.93 17.92 19.40 19.83 21.06 23.93 26.69 28.42 28.71 27.43 25.60 24.31 23.64 22.36 19.71 16.51 15.13 15.93 17.98 18.68 17.28 15.17 13.29 11.69 10.18 8.88 8.19 8.12 8.75 9.73 11.03 11.94 11.43 9.77 8.55 7.47 5.75 4.21 3.59 3.66
11.13 11.63 12.52 12.75 12.90 13.38 14.10 15.05 16.08 17.41 19.27 20.76 19.72 15.89 12.22 9.99 9.08 9.17 9.35 9.92 10.86 12.05 13.42 15.01 16.17 16.56 16.82 17.36 18.30 20.06 22.18 23.46 23.04 21.23 18.68 16.18 14.67 14.46 15.48 17.66 19.92 20.70 21.12 23.29 26.42 28.74 29.30 28.17 26.73 25.85 25.35 24.29 21.76 18.35 16.59 17.19 19.13 19.95 18.72 16.38 14.17 12.47 11.18 9.93 9.06 8.61 8.60 9.40 11.40 13.17 13.40 11.95 9.87 7.98 6.50 5.37 4.67 4.39
10.99 11.33 12.12 12.50 12.69 13.11 13.79 14.78 16.01 17.56 19.53 20.99 19.62 15.32 11.62 9.68 8.85 8.88 8.89 9.43 10.31 11.38 12.69 14.30 15.77 16.47 16.84 17.40 18.27 19.66 21.42 22.61 22.33 21.11 19.72 17.96 16.05 14.84 14.87 16.40 19.18 21.07 21.66 22.94 25.76 28.52 29.51 28.92 28.18 27.87 27.55 26.47 24.11 20.79 18.62 18.87 20.37 20.79 19.58 17.45 15.20 13.36 12.23 11.34 10.64 10.06 9.12 8.90 10.72 13.36 14.36 13.17 10.96 8.69 7.12 6.36 6.01 5.87
10.90 11.06 11.54 11.86 12.01 12.38 13.03 14.05 15.57 17.52 19.70 21.13 19.67 15.26 11.35 9.42 8.73 8.84 8.78 9.12 10.09 11.19 12.52 14.01 15.60 16.83 17.46 17.89 18.71 19.85 21.15 22.16 21.90 20.50 19.33 18.47 17.23 15.78 15.19 15.90 18.14 20.63 21.99 22.84 24.73 27.35 28.81 28.89 28.90 29.22 29.43 28.72 26.51 23.20 20.86 20.84 22.06 21.99 20.28 18.07 15.94 14.15 13.01 12.30 11.51 10.75 9.80 9.18 10.13 12.92 14.53 13.53 11.33 9.35 7.91 7.29 7.33 7.74
10.77 10.74 10.94 11.31 11.56 11.94 12.61 13.64 15.26 17.51 19.79 21.01 19.56 15.48 11.68 9.58 8.71 8.78 8.86 9.47 10.69 12.01 13.39 14.73 16.11 17.42 18.24 18.71 19.44 20.39 21.31 22.15 22.33 21.20 19.53 18.33 17.31 16.31 16.01 16.52 17.92 19.99 21.76 22.71 23.84 25.77 27.05 27.42 28.16 29.29 30.16 30.35 29.09 26.13 23.66 23.43 24.38 23.97 21.58 18.70 16.43 14.65 13.42 12.66 12.02 11.40 10.96 10.75 10.97 13.00 14.59 13.70 11.49 9.67 8.48 8.06 8.43 9.37
10.91 10.94 11.22 11.68 12.04 12.36 12.88 13.84 15.39 17.66 19.97 20.84 19.12 15.60 12.45 10.33 9.14 9.04 9.42 10.47 11.97 13.30 14.53 15.66 16.72 17.81 18.62 19.22 19.96 20.77 21.38 21.96 22.59 22.57 21.54 19.90 18.05 16.63 16.23 16.57 17.38 18.70 20.50 21.97 23.16 24.53 25.03 24.90 25.97 27.95 29.49 30.39 30.64 29.42 27.34 26.63 27.15 26.48 23.58 19.92 17.11 15.00 13.50 12.64 12.27 12.16 12.53 13.04 13.16 14.11 14.85 13.90 11.92 10.10 8.91 8.51 8.94 9.85
11.12 11.27 11.75 12.37 12.97 13.34 13.67 14.45 15.92 18.13 20.35 20.88 18.73 15.45 13.06 11.34 10.16 9.91 10.31 11.21 12.51 13.63 14.71 15.76 16.64 17.53 18.29 18.91 19.79 20.68 21.07 21.06 21.34 21.98 22.27 21.74 20.14 17.89 16.42 16.03 16.34 17.15 18.77 20.73 22.55 23.82 23.56 22.61 23.32 25.54 27.46 28.68 29.74 30.10 29.32 28.77 29.23 28.65 25.79 21.68 18.18 15.67 13.96 13.02 12.74 12.68 13.41 14.78 15.65 15.89 15.44 14.18 12.50 10.97 9.73 8.95 8.74 8.80
11.22 11.50 12.18 13.00 13.91 14.54 14.88 15.51 16.81 18.85 20.88 21.08 18.53 15.20 13.10 11.90 11.09 10.67 10.56 10.78 11.71 12.74 13.81 14.95 15.87 16.68 17.39 18.02 18.99 20.17 20.78 20.21 19.17 19.21 20.15 21.03 20.92 19.22 17.23 16.20 16.11 16.64 17.83 19.75 21.98 23.31 22.70 21.39 21.63 23.34 25.12 26.13 27.05 28.05 28.52 29.01 30.16 30.20 27.65 23.59 19.89 16.97 14.98 13.75 13.03 12.66 13.47 15.44 17.26 17.61 16.45 14.74 13.12 11.80 10.61 9.55 8.69 8.13
11.39 11.88 12.90 13.86 14.94 15.84 16.38 16.93 18.04 19.87 21.66 21.47 18.44 14.70 12.42 11.28 10.92 10.97 10.85 10.66 11.22 12.02 13.00 14.11 15.03 15.73 16.32 16.92 17.86 19.27 20.66 20.40 18.03 16.22 16.72 18.22 19.47 19.23 18.03 17.06 16.81 17.14 17.90 19.40 21.50 22.71 22.04 20.93 20.98 22.06 23.34 23.89 24.31 25.34 26.63 28.21 30.27 31.15 29.27 25.26 21.47 18.37 16.06 14.46 13.23 12.60 13.30 15.43 17.98 18.81 17.65 15.67 13.80 12.45 11.35 10.22 9.50 9.45
11.67 12.22 13.44 14.57 15.80 16.95 17.84 18.54 19.60 21.30 22.92 22.56 19.20 14.88 12.04 10.47 10.17 11.03 11.77 11.97 12.34 12.81 13.42 14.21 14.86 15.21 15.52 15.93 16.66 18.11 20.25 21.08 18.55 14.88 13.87 15.20 17.03 17.92 17.86 17.39 17.26 17.58 18.19 19.34 21.07 21.85 21.02 20.34 20.62 21.25 21.96 22.28 22.46 23.25 24.81 27.08 29.90 31.84 30.94 27.06 22.80 19.41 16.78 14.97 13.72 13.13 13.66 15.75 18.35 19.54 18.75 16.88 14.86 13.24 12.13 11.20 10.67 10.77
12.17 12.66 13.87 15.03 16.27 17.49 18.58 19.50 20.64 22.38 24.21 24.36 21.43 16.78 13.11 10.90 10.23 11.09 12.13 12.84 13.43 13.93 14.42 14.99 15.40 15.39 15.28 15.29 15.70 17.08 19.55 21.38 19.85 15.53 12.70 12.98 14.68 15.92 16.56 16.69 16.87 17.42 18.18 19.34 20.73 20.85 19.42 18.92 19.85 20.57 20.83 21.09 21.43 22.04 23.37 25.71 28.93 31.84 32.34 29.40 24.68 20.75 17.82 15.76 14.62 14.35 14.94 16.64 18.99 20.40 19.99 18.35 16.49 14.67 13.18 12.09 11.22 10.64
13.07 13.45 14.55 15.43 16.23 17.15 18.19 19.22 20.42 22.22 24.50 25.78 24.16 19.67 15.09 12.11 10.94 11.28 11.86 12.37 13.23 14.18 15.01 15.65 16.00 15.80 15.41 15.02 15.11 16.45 18.98 21.28 20.89 17.29 13.35 12.21 13.16 14.17 14.79 15.31 15.93 16.72 17.75 19.25 20.51 20.00 17.97 17.39 18.67 19.73 19.91 20.05 20.51 21.18 22.35 24.42 27.47 30.86 32.91 31.83 27.64 23.04 19.86 17.77 16.63 16.31 16.76 18.03 19.96 21.48 21.54 20.17 18.21 16.24 14.30 12.43 10.79 9.68
14.32 14.28 14.66 15.00 15.32 15.92 17.10 18.45 19.70 21.15 23.39 25.77 26.10 23.14 18.05 13.89 11.75 11.53 11.83 11.90 12.67 13.97 15.14 16.00 16.33 15.87 15.24 14.68 14.62 15.81 18.34 20.87 21.35 18.79 14.76 12.59 12.68 13.38 13.69 14.14 15.10 16.14 17.33 19.09 20.26 19.41 17.29 16.51 17.39 18.32 18.55 18.79 19.27 20.00 21.17 23.05 25.74 29.01 32.03 33.02 30.80 26.38 22.56 20.29 19.14 18.75 18.96 19.79 21.24 22.71 23.23 22.25 20.03 17.44 14.96 12.71 10.78 9.53
15.56 14.66 13.63 13.32 13.79 14.64 16.05 17.82 19.28 20.14 21.50 24.11 26.16 25.50 21.86 16.96 13.43 11.97 11.83 11.64 12.23 13.58 15.01 16.17 16.64 15.79 14.45 13.75 13.80 14.83 17.15 19.87 20.98 19.29 15.76 13.16 12.60 13.16 13.57 13.90 14.88 16.14 17.48 19.09 19.93 19.09 17.22 16.14 16.26 16.44 16.38 16.77 17.44 18.28 19.48 21.27 23.69 26.56 29.64 31.93 31.82 29.07 25.27 22.41 21.02 20.61 20.68 21.20 22.36 23.89 24.89 24.58 22.56 19.52 16.50 14.10 12.26 10.98
16.54 14.67 12.28 11.72 12.65 13.90 15.44 17.41 19.13 19.73 19.93 21.64 24.33 25.56 24.02 20.02 15.68 12.76 11.79 11.34 11.88 13.16 14.80 16.32 17.00 15.80 13.45 12.24 12.51 13.65 15.82 18.46 19.92 18.82 16.03 13.64 12.63 12.90 13.56 13.94 14.67 16.11 17.73 19.08 19.59 18.96 17.80 16.79 16.14 15.43 14.81 14.92 15.58 16.55 17.91 19.65 21.70 24.01 26.45 28.73 29.87 28.95 26.35 23.43 21.43 20.57 20.46 20.89 22.08 23.95 25.67 26.33 25.29 22.76 19.69 16.84 14.63 13.26
16.72 14.26 11.54 11.26 12.21 13.46 15.02 17.00 18.90 19.74 19.32 19.64 21.78 23.73 23.82 21.56 17.54 13.80 12.07 11.28 11.60 12.84 14.69 16.51 17.30 15.90 12.71 10.69 11.01 12.50 14.62 17.08 18.55 17.57 15.23 13.46 12.48 12.30 12.98 13.60 14.21 15.72 17.59 18.78 19.08 18.82 18.61 18.36 17.59 16.33 15.33 15.16 15.63 16.44 17.61 19.20 21.00 22.67 24.25 25.65 26.55 26.42 25.15 23.08 20.71 18.94 18.32 18.71 20.09 22.45 24.93 26.53 26.64 25.16 22.73 20.12 17.92 15.96
15.98 13.86 11.39 11.03 11.63 12.77 14.44 16.36 18.29 19.66 19.35 18.53 19.40 21.08 21.88 21.24 18.67 14.84 12.29 11.00 10.95 12.31 14.55 16.62 17.24 15.84 12.85 10.11 9.72 11.43 13.66 15.98 17.37 16.24 13.80 12.37 11.73 11.46 12.00 12.92 13.77 15.36 17.13 18.09 18.39 18.44 18.73 19.17 18.97 18.08 17.25 17.16 17.68 18.34 19.01 20.09 21.56 22.90 23.92 24.46 24.38 23.86 23.00 21.80 20.02 17.83 16.24 16.06 17.41 20.09 23.07 25.35 26.32 25.76 24.20 22.47 20.79 18.75
15.24 13.66 11.25 10.30 10.58 11.72 13.62 15.54 17.29 19.00 19.51 18.52 17.91 18.51 19.12 19.24 18.32 15.48 12.40 10.67 10.41 11.92 14.47 16.63 16.73 15.13 13.10 10.73 9.41 10.48 12.77 15.07 16.44 15.20 12.53 11.05 10.51 10.38 10.85 11.79 13.03 14.90 16.43 16.93 17.30 17.58 17.84 18.34 18.53 18.21 17.87 18.08 18.81 19.59 20.10 20.66 21.71 22.97 24.02 24.37 23.85 22.84 21.57 20.37 19.33 17.87 15.94 14.67 15.08 17.42 20.60 23.35 24.85 24.78 23.69 22.53 21.56 20.36
14.60 13.19 10.73 9.45 9.56 10.66 12.70 14.66 16.16 17.87 19.32 19.28 17.82 16.63 16.66 16.72 16.63 15.22 12.61 10.77 10.67 12.23 14.67 16.57 16.06 13.95 12.59 11.44 10.15 10.23 11.96 14.12 15.32 14.09 11.55 9.78 9.07 8.90 9.39 10.36 11.80 13.87 15.23 15.29 15.64 16.11 16.31 16.56 16.69 16.53 16.34 16.65 17.52 18.56 19.32 19.80 20.47 21.63 23.04 23.87 23.66 22.72 21.17 19.32 18.11 17.36 16.29 14.82 14.05 15.32 18.24 21.18 22.90 22.95 21.87 20.70 20.02 19.69
13.87 12.47 10.03 8.70 8.66 9.70 11.70 13.67 14.97 16.43 18.31 19.71 18.86 16.34 15.13 15.03 14.86 14.10 12.08 10.61 11.02 12.84 15.15 16.32 15.19 13.04 11.90 11.63 11.32 11.25 12.30 13.87 14.36 13.33 11.45 9.69 8.61 8.05 8.28 9.23 10.45 12.26 13.39 13.40 13.80 14.46 14.75 14.75 14.70 14.62 14.36 14.40 15.21 16.44 17.49 18.23 18.78 19.66 21.26 22.74 23.03 22.36 21.07 19.15 17.39 16.15 15.38 14.71 13.89 14.28 16.69 19.62 21.42 21.51 20.32 18.89 17.93 17.61
13.09 11.64 9.07 7.54 7.42 8.49 10.52 12.40 13.61 14.84 16.64 18.85 19.37 17.23 14.94 14.08 13.75 12.99 11.34 10.21 11.01 13.28 15.60 15.86 13.97 12.17 11.43 11.46 11.96 12.54 13.59 14.66 14.37 13.34 12.11 10.80 9.55 8.47 8.32 9.02 9.71 10.42 11.16 11.60 12.28 13.06 13.38 13.11 12.88 13.10 13.12 13.04 13.64 14.91 16.18 17.14 17.76 18.40 19.83 21.52 22.12 21.69 20.93 19.87 18.29 16.02 13.94 13.10 12.84 13.38 15.56 18.57 20.63 20.84 19.64 18.23 17.01 16.08
11.57 10.04 7.25 5.77 5.77 6.94 9.09 10.91 11.94 13.07 14.87 17.22 18.49 17.44 15.57 14.15 13.60 13.20 11.83 10.61 11.16 13.58 15.74 15.35 13.04 11.59 11.29 11.68 12.58 13.59 14.99 16.01 15.46 14.29 13.15 12.32 11.44 10.00 9.21 9.39 9.53 9.16 9.17 9.98 11.08 12.00 12.18 11.51 11.12 11.83 12.49 12.76 13.40 14.63 15.97 17.07 17.84 18.44 19.43 20.71 21.19 20.81 20.46 20.46 19.99 17.83 14.42 12.04 11.19 11.79 14.13 17.41 19.98 20.47 19.20 17.81 16.72 15.52
9.12 7.44 4.69 4.13 4.53 5.67 7.64 9.36 10.14 11.02 12.92 15.42 16.89 16.41 15.40 14.73 14.23 13.99 13.26 12.15 12.12 14.04 15.63 14.94 13.10 12.06 12.06 12.83 14.21 15.60 16.89 17.86 17.55 16.20 14.74 13.68 13.16 12.35 11.45 11.12 10.37 8.76 8.13 9.05 10.32 11.25 11.25 10.23 9.79 10.76 12.11 13.13 14.13 15.33 16.59 17.76 18.64 19.27 19.89 20.54 20.47 19.62 19.22 20.00 20.97 20.24 17.10 13.39 10.94 10.41 12.37 16.01 19.16 20.17 19.00 17.52 16.60 15.58
8.02 5.71 3.34 4.56 5.14 5.69 6.97 8.19 8.66 9.02 10.50 13.25 14.94 14.64 14.31 14.60 14.60 14.39 14.25 13.92 14.04 15.23 15.88 14.87 13.54 12.95 13.19 14.12 15.75 17.37 18.74 19.93 20.31 19.27 17.42 15.37 14.52 14.38 14.04 13.62 12.39 10.08 8.75 9.34 10.33 10.92 10.80 9.78 9.42 10.46 12.15 13.82 15.12 16.25 17.34 18.45 19.40 20.13 20.70 21.03 20.37 18.62 17.42 18.32 20.43 21.33 19.64 16.06 12.48 10.31 10.86 14.31 18.04 19.64 18.87 17.38 16.54 15.98
11.98 8.24 5.34 6.49 6.91 6.91 7.26 7.82 7.92 7.54 7.93 10.45 12.41 12.46 12.93 13.91 14.41 14.36 14.27 14.49 15.39 16.67 16.76 15.33 14.09 13.51 13.64 14.58 15.95 17.51 19.11 20.74 22.11 22.41 21.08 18.30 16.56 16.42 16.38 16.03 14.84 12.36 10.41 10.49 11.07 11.16 10.88 10.28 10.11 11.10 12.74 14.40 15.69 16.81 17.79 18.84 19.86 20.74 21.43 21.78 20.94 18.54 16.11 16.18 18.69 20.82 20.70 18.24 14.57 11.35 10.31 12.54 16.50 18.64 18.36 17.20 16.44 15.92
17.08 13.11 8.98 8.84 8.74 7.99 7.79 8.01 7.97 7.11 6.18 7.21 9.14 9.75 11.00 12.57 13.55 13.81 13.56 13.76 15.17 17.11 17.28 15.71 14.56 14.02 13.85 14.45 15.56 16.80 18.28 20.06 22.10 23.80 24.05 22.26 20.08 19.34 19.14 18.63 17.42 15.18 13.01 12.21 12.22 11.99 11.50 11.09 11.03 11.77 13.01 14.49 15.76 16.93 17.87 18.97 20.12 21.12 21.93 22.34 21.67 19.27 16.09 14.85 16.64 19.34 20.43 19.17 16.10 12.79 10.89 11.79 15.12 17.31 17.30 16.68 16.33 15.91
