data/var.asc
ncols        42
nrows        42
xllcorner    1011917.500000000000
yllcorner    6273492.500000000000
cellsize     25.000000000000
NODATA_value  -9999
[rows 0 to 18 of 42, columns 0 to 41 of 42]
319.80999755859375 321.55999755859375 330.850006103515625 343.1199951171875 352.30999755859375 361.8599853515625 370.67999267578125 368.019989013671875 354.3599853515625 338.769989013671875 319.19000244140625 304.20001220703125 289.6300048828125 275.910003662109375 261.69000244140625 246.6999969482421875 235.0500030517578125 244.42999267578125 264.3699951171875 281.010009765625 298.1199951171875 314.489990234375 328.519989013671875 343.480010986328125 357.350006103515625 369.829986572265625 380.95001220703125 393.82000732421875 409.8800048828125 418.769989013671875 427.82000732421875 436.80999755859375 446.8699951171875 458.149993896484375 471.529998779296875 493.44000244140625 505.230010986328125 518.25 523 526.59002685546875 530.44000244140625 532.28997802734375
310.329986572265625 313.959991455078125 324.970001220703125 336.339996337890625 346.75 357.170013427734375 364.989990234375 361.579986572265625 346.720001220703125 328.6199951171875 311.660003662109375 296.230010986328125 281.269989013671875 267.92999267578125 254.589996337890625 240.350006103515625 230.2400054931640625 239.6300048828125 257.029998779296875 277.20001220703125 294.67999267578125 309.92999267578125 323.5 338 352.8699951171875 364.459991455078125 376.290008544921875 389.3599853515625 402.779998779296875 413.760009765625 425.040008544921875 436.70001220703125 447.980010986328125 459.04998779296875 474.3900146484375 497.3699951171875 511.290008544921875 520.57000732421875 526.5999755859375 534.030029296875 542.84002685546875 545.4000244140625
300.82000732421875 307.399993896484375 317.70001220703125 330.230010986328125 340.529998779296875 351 358.040008544921875 354 337.239990234375 320.230010986328125 303.399993896484375 286.510009765625 271.920013427734375 258.6400146484375 244.6699981689453125 233.660003662109375 225.9900054931640625 237.220001220703125 257.959991455078125 277.17999267578125 289.790008544921875 303.660003662109375 318.05999755859375 330.589996337890625 344.720001220703125 357.8699951171875 370.82000732421875 383.970001220703125 396.230010986328125 408.67999267578125 421.459991455078125 434.05999755859375 446.55999755859375 459.089996337890625 471.82000732421875 486.82000732421875 505.42999267578125 512.21002197265625 523.84002685546875 539.239990234375 538.32000732421875 539.58001708984375
290.8699951171875 300.100006103515625 311.010009765625 322.5 333.5 344.920013427734375 350.07000732421875 344.920013427734375 330.269989013671875 313.209991455078125 295.019989013671875 279.1099853515625 263.100006103515625 248.1399993896484375 234.6199951171875 223.80999755859375 223.4900054931640625 238.6199951171875 254.600006103515625 268.709991455078125 283.25 298.529998779296875 312.3599853515625 323.579986572265625 339.790008544921875 352.579986572265625 365.55999755859375 377.899993896484375 391.910003662109375 406.089996337890625 418.92999267578125 431.07000732421875 444 455.6300048828125 467.6199951171875 479.07000732421875 492.040008544921875 503.899993896484375 524.02001953125 533.77001953125 519.55999755859375 517.0999755859375
282.6199951171875 293.339996337890625 303.75 315.6099853515625 326.089996337890625 336.57000732421875 342.239990234375 334.329986572265625 322.230010986328125 307.529998779296875 291.170013427734375 274.899993896484375 256.410003662109375 236.160003662109375 224 216.1199951171875 224.100006103515625 237.92999267578125 250.94000244140625 266.290008544921875 282.29998779296875 296.8699951171875 310.920013427734375 321 335.67999267578125 348.489990234375 361.970001220703125 376.600006103515625 391.45001220703125 405.149993896484375 417.57000732421875 429.600006103515625 441.480010986328125 451.5 461.57000732421875 470.8599853515625 481.6400146484375 501.80999755859375 535.239990234375 525.17999267578125 500.80999755859375 500.55999755859375
274.269989013671875 286.20001220703125 296.790008544921875 308.350006103515625 319.779998779296875 328.32000732421875 330.20001220703125 323.779998779296875 313.25 299.730010986328125 284.42999267578125 269.239990234375 252.8699951171875 233.7899932861328125 216.970001220703125 211.7599945068359375 223.410003662109375 237.25 252.75 271.1199951171875 285.55999755859375 299.57000732421875 314.739990234375 327.029998779296875 340.5 353.040008544921875 366.209991455078125 378.850006103515625 392.1199951171875 405.44000244140625 418.8699951171875 430.07000732421875 437.8599853515625 445.399993896484375 452.410003662109375 460.6400146484375 471.8800048828125 495.769989013671875 499.420013427734375 486.45001220703125 480.42999267578125 485.269989013671875
265.55999755859375 278.8599853515625 289.80999755859375 301.05999755859375 312.8599853515625 320.779998779296875 321.019989013671875 313.420013427734375 302.779998779296875 290.850006103515625 277.019989013671875 261.82000732421875 245.82000732421875 229.410003662109375 214.7899932861328125 206.8600006103515625 220.1300048828125 235.7599945068359375 252.8000030517578125 268.959991455078125 285.339996337890625 301.089996337890625 315.329986572265625 331.589996337890625 344.67999267578125 357.29998779296875 369.8699951171875 383.019989013671875 399.910003662109375 411.6400146484375 419.279998779296875 423.649993896484375 430.079986572265625 436.790008544921875 442.82000732421875 449.1400146484375 455.80999755859375 462.269989013671875 463.989990234375 465.839996337890625 465.910003662109375 469.1400146484375
259.3800048828125 272.100006103515625 283.480010986328125 294.510009765625 306.04998779296875 313.410003662109375 311.910003662109375 303.17999267578125 292.540008544921875 281.079986572265625 268.17999267578125 253.5099945068359375 238.160003662109375 223.100006103515625 208.8600006103515625 202.57000732421875 217.350006103515625 234.7299957275390625 251.7700042724609375 270.290008544921875 290.730010986328125 305.529998779296875 320.269989013671875 335.920013427734375 349.339996337890625 362.05999755859375 374.720001220703125 386.760009765625 398.510009765625 403.79998779296875 409.17999267578125 413.29998779296875 419.649993896484375 426.3800048828125 431.07000732421875 436.519989013671875 441.160003662109375 445.269989013671875 448.589996337890625 449.959991455078125 452.970001220703125 455.010009765625
252.2700042724609375 264.510009765625 277.269989013671875 290.350006103515625 300.1300048828125 305.69000244140625 300.3800048828125 291.579986572265625 281.459991455078125 270.920013427734375 259.239990234375 246.69000244140625 231.19000244140625 215.850006103515625 202.25 203.0200042724609375 218.649993896484375 234.3600006103515625 253.55999755859375 279.54998779296875 292.010009765625 309.07000732421875 323.45001220703125 338.010009765625 351.350006103515625 363.029998779296875 373.510009765625 381.260009765625 386.980010986328125 391.079986572265625 395.480010986328125 401.75 408.040008544921875 414.209991455078125 418.149993896484375 424.44000244140625 429.8900146484375 433.67999267578125 435.850006103515625 436.3599853515625 440.19000244140625 442.3900146484375
245.1699981689453125 258.55999755859375 272.399993896484375 286.42999267578125 297.239990234375 299.019989013671875 290.519989013671875 281 270.589996337890625 260.260009765625 248.69000244140625 235.5800018310546875 222.6399993896484375 209.279998779296875 197.82000732421875 204.7299957275390625 219.7700042724609375 235.649993896484375 253.3800048828125 271.8599853515625 289.6300048828125 309.589996337890625 323.04998779296875 335.1199951171875 346.94000244140625 357.410003662109375 364.95001220703125 370.279998779296875 375.790008544921875 379.760009765625 384.1199951171875 390.010009765625 396.25 400.480010986328125 406.45001220703125 412.94000244140625 418.20001220703125 422.529998779296875 423.399993896484375 422.519989013671875 427.8800048828125 430.489990234375
239.160003662109375 253.7100067138671875 268.290008544921875 282.1099853515625 291.92999267578125 290.75 282.07000732421875 270.760009765625 259.3800048828125 248.82000732421875 237.4600067138671875 223.4799957275390625 211.2400054931640625 201.4199981689453125 193.7700042724609375 205.4900054931640625 220.44000244140625 235.600006103515625 251.720001220703125 268.80999755859375 287.290008544921875 307.290008544921875 316.20001220703125 327.540008544921875 338.290008544921875 347.70001220703125 354.54998779296875 359.339996337890625 363.709991455078125 367.970001220703125 373.029998779296875 377.480010986328125 382.350006103515625 387.600006103515625 394 401.54998779296875 407.67999267578125 411.579986572265625 411.3699951171875 410.579986572265625 414.290008544921875 418.149993896484375
233.589996337890625 248.1300048828125 263.029998779296875 276.220001220703125 283.79998779296875 280.100006103515625 272.1300048828125 260.910003662109375 247.80999755859375 236.8000030517578125 226.8600006103515625 215.899993896484375 202.7100067138671875 192.399993896484375 191.92999267578125 205.5200042724609375 219.6100006103515625 234.19000244140625 249.6699981689453125 266.54998779296875 282.079986572265625 296.329986572265625 307.3699951171875 319.75 329.6099853515625 337.579986572265625 343.30999755859375 348.519989013671875 352.94000244140625 357.839996337890625 361.79998779296875 364.8699951171875 369.260009765625 375.100006103515625 380.970001220703125 387.730010986328125 395.8900146484375 400.82000732421875 400.3599853515625 396.279998779296875 401.44000244140625 406.1099853515625
228.529998779296875 242.8800048828125 256.670013427734375 268.510009765625 272.600006103515625 268.20001220703125 258.709991455078125 245.1300048828125 236.100006103515625 224.94000244140625 214.7599945068359375 205.69000244140625 194.4900054931640625 187.8600006103515625 194.1399993896484375 206.3000030517578125 220.2100067138671875 234.80999755859375 249.350006103515625 263.790008544921875 277.709991455078125 290.769989013671875 303.010009765625 312.420013427734375 321.1400146484375 328.160003662109375 333.670013427734375 338.3699951171875 342.839996337890625 347.170013427734375 350.660003662109375 352.6099853515625 356.44000244140625 362.579986572265625 367.3599853515625 375.829986572265625 388.8800048828125 393.95001220703125 392.589996337890625 384.25 389.010009765625 394.8699951171875
221.2599945068359375 235.6300048828125 249.3800048828125 258.55999755859375 259.07000732421875 253.720001220703125 244.30999755859375 233.899993896484375 224.3800048828125 214.0800018310546875 203.1300048828125 194.9900054931640625 186.1100006103515625 190.5800018310546875 199.82000732421875 210.1699981689453125 220.7400054931640625 236.5800018310546875 249.9799957275390625 262.989990234375 275.3800048828125 286.20001220703125 296.45001220703125 303.269989013671875 313.32000732421875 319.760009765625 324.910003662109375 329.269989013671875 332.899993896484375 336.57000732421875 339.45001220703125 341.55999755859375 344.42999267578125 350.410003662109375 354.709991455078125 361.100006103515625 382.95001220703125 386.220001220703125 378.220001220703125 367.089996337890625 376.44000244140625 384.6400146484375
213.42999267578125 227.1399993896484375 239.6199951171875 246.910003662109375 243.2100067138671875 236.160003662109375 227.9799957275390625 220.55999755859375 211.7100067138671875 202.220001220703125 191.5399932861328125 184.82000732421875 186.600006103515625 197.149993896484375 207.410003662109375 217.2400054931640625 229.80999755859375 241.2400054931640625 251.9900054931640625 263.17999267578125 273.3900146484375 282.6199951171875 291.3900146484375 299.540008544921875 303.959991455078125 311.80999755859375 316.1400146484375 319.730010986328125 323.410003662109375 326.6199951171875 329.17999267578125 330.959991455078125 333.279998779296875 338.1300048828125 342.089996337890625 346.6400146484375 357.3699951171875 357.489990234375 355.209991455078125 355.980010986328125 364.8599853515625 371.790008544921875
204.6999969482421875 218.05999755859375 229.17999267578125 232.05999755859375 227.600006103515625 220.9900054931640625 213.9900054931640625 206.029998779296875 198.4900054931640625 190.44000244140625 180.1999969482421875 189.05999755859375 196.220001220703125 206.149993896484375 216.0200042724609375 226.7700042724609375 236.910003662109375 246.7299957275390625 255.5099945068359375 263.709991455078125 271.579986572265625 279.350006103515625 286.510009765625 293.07000732421875 298.20001220703125 302.6199951171875 306.899993896484375 310.1400146484375 313.600006103515625 316.579986572265625 318.70001220703125 320.42999267578125 322.25 326.8699951171875 329.779998779296875 332.95001220703125 334.850006103515625 336.05999755859375 338.260009765625 346.589996337890625 353.92999267578125 358.350006103515625
194.94000244140625 207.8899993896484375 216.19000244140625 217.07000732421875 212.1300048828125 206.1999969482421875 199.3899993896484375 190.82000732421875 184.3800048828125 179.3699951171875 180.910003662109375 191.3600006103515625 203.2599945068359375 213.3600006103515625 223.0099945068359375 232.6300048828125 241.4900054931640625 250.089996337890625 257.660003662109375 263.989990234375 270.42999267578125 275.95001220703125 281.6400146484375 285.779998779296875 289.089996337890625 292.920013427734375 296.480010986328125 301.239990234375 304.25 306.970001220703125 307.829986572265625 309.94000244140625 312.6300048828125 316.42999267578125 317.529998779296875 320.790008544921875 321.899993896484375 322.209991455078125 329.6300048828125 334.480010986328125 337.089996337890625 342.94000244140625
186.600006103515625 196.649993896484375 204.05999755859375 202.5399932861328125 197.160003662109375 191.17999267578125 185.1399993896484375 176.4199981689453125 175.55999755859375 177.82000732421875 186.839996337890625 197.660003662109375 206.399993896484375 218.660003662109375 228.779998779296875 238.089996337890625 246.05999755859375 252.82000732421875 259.980010986328125 265.1099853515625 267.970001220703125 271.290008544921875 274.69000244140625 277.089996337890625 279.839996337890625 283.3599853515625 289.079986572265625 292.57000732421875 293.980010986328125 297.3699951171875 298.6400146484375 299.95001220703125 302.760009765625 306.029998779296875 307.3699951171875 309.489990234375 309.519989013671875 313.790008544921875 319.720001220703125 322.029998779296875 325.1400146484375 328.790008544921875
175.9600067138671875 185.32000732421875 191.410003662109375 187.8600006103515625 181.55999755859375 176.80999755859375 173.350006103515625 172.4499969482421875 180.660003662109375 191.19000244140625 199.3600006103515625 207.5800018310546875 217.0200042724609375 224.5099945068359375 232.55999755859375 242.8600006103515625 250.9499969482421875 258.839996337890625 265.269989013671875 264.79998779296875 264.910003662109375 265.829986572265625 266.6400146484375 268.269989013671875 271.089996337890625 274.30999755859375 278.480010986328125 282.149993896484375 285.69000244140625 288.660003662109375 289.1099853515625 290.489990234375 293.089996337890625 296.1300048828125 297.8599853515625 299.17999267578125 299.540008544921875 305.3800048828125 308.279998779296875 311.089996337890625 313.6199951171875 317.07000732421875
