data/var.asc
ncols        42
nrows        42
xllcorner    1011917.500000000000
yllcorner    6273492.500000000000
cellsize     25.000000000000
NODATA_value  -9999
[rows 19 to 37 of 42, columns 0 to 41 of 42]
169.600006103515625 172.8699951171875 180.32000732421875 174.7700042724609375 167.970001220703125 169.3600006103515625 174.279998779296875 179.92999267578125 191.82000732421875 203.25 211.7700042724609375 220.279998779296875 228.2700042724609375 235.7299957275390625 242.970001220703125 249.42999267578125 256.54998779296875 262.04998779296875 262.489990234375 262.019989013671875 261.57000732421875 261.3900146484375 261.329986572265625 261.329986572265625 262.329986572265625 265.829986572265625 270.1400146484375 273.660003662109375 277.3800048828125 279.5 281.459991455078125 281.720001220703125 283.670013427734375 286.3599853515625 288.8900146484375 290.17999267578125 292.32000732421875 296.05999755859375 298.25 300.779998779296875 302.989990234375 306.70001220703125
175.07000732421875 166.089996337890625 169.1199951171875 165.3699951171875 169.9499969482421875 179.92999267578125 187.779998779296875 195.3600006103515625 204.3000030517578125 214.9900054931640625 224.399993896484375 232.44000244140625 240.2599945068359375 247.2400054931640625 252.2400054931640625 255.6100006103515625 258.3599853515625 260.55999755859375 259.910003662109375 258.32000732421875 256.6099853515625 256.239990234375 256.350006103515625 255.0099945068359375 254.9799957275390625 258.170013427734375 262.510009765625 266.29998779296875 269.230010986328125 271.42999267578125 273.07000732421875 273.3800048828125 275.3900146484375 278.160003662109375 279.989990234375 281.32000732421875 283.980010986328125 286.850006103515625 288.94000244140625 291.790008544921875 294.079986572265625 296.760009765625
181.279998779296875 167.7899932861328125 161.9199981689453125 173.4799957275390625 179.92999267578125 189.970001220703125 200.0399932861328125 209.339996337890625 218.5800018310546875 228.3899993896484375 237.55999755859375 245.4799957275390625 252.8000030517578125 258.260009765625 261.510009765625 262.25 261.54998779296875 259.3699951171875 255.4900054931640625 252.6199951171875 249.8000030517578125 249 248.5200042724609375 247.42999267578125 247.82000732421875 251.4600067138671875 255.839996337890625 259.6300048828125 262.399993896484375 264.6099853515625 265.05999755859375 265.989990234375 268.149993896484375 270.95001220703125 273.29998779296875 273.95001220703125 276.399993896484375 279.04998779296875 281.089996337890625 283.660003662109375 285.899993896484375 287.920013427734375
187.5399932861328125 173.5099945068359375 161.4600067138671875 167.2400054931640625 179.6399993896484375 192.4499969482421875 207.2700042724609375 217.9499969482421875 229.279998779296875 239.6699981689453125 249.3800048828125 258.089996337890625 265.57000732421875 270.30999755859375 271.6400146484375 270.779998779296875 266.829986572265625 259.20001220703125 252.4600067138671875 246.6399993896484375 243.75 241.8300018310546875 241.8800048828125 240.8000030517578125 240.910003662109375 244.92999267578125 249.6100006103515625 253.410003662109375 256.70001220703125 257.80999755859375 257.80999755859375 258.739990234375 261.45001220703125 264.149993896484375 266.239990234375 264.94000244140625 270.089996337890625 272.92999267578125 273.1400146484375 276.089996337890625 277.989990234375 278.94000244140625
193.6199951171875 178.9900054931640625 165.2899932861328125 160.160003662109375 173.1199951171875 188.2700042724609375 203.1699981689453125 217.6399993896484375 231.3300018310546875 245.410003662109375 258.20001220703125 269.209991455078125 278.30999755859375 282.29998779296875 282.829986572265625 278.8599853515625 271.510009765625 260.92999267578125 251.3699951171875 243.4900054931640625 235.3300018310546875 233.220001220703125 233.8699951171875 233.339996337890625 234.589996337890625 239.8300018310546875 244.100006103515625 248.17999267578125 250.44000244140625 251.5099945068359375 251.1999969482421875 252.100006103515625 255.279998779296875 257.82000732421875 259.269989013671875 257.910003662109375 263.769989013671875 264.899993896484375 266.769989013671875 269.529998779296875 269.670013427734375 270.660003662109375
199.2599945068359375 184.1399993896484375 168.660003662109375 157.470001220703125 167.7599945068359375 183.029998779296875 198.720001220703125 214.1300048828125 229.2899932861328125 244.470001220703125 259.600006103515625 274.1199951171875 285.519989013671875 292.6300048828125 291.829986572265625 285.600006103515625 275.769989013671875 264.329986572265625 252.5099945068359375 242.160003662109375 231.3300018310546875 224.1100006103515625 225.3600006103515625 225.4499969482421875 229.8800048828125 235.399993896484375 239 242.089996337890625 245.25 246.1300048828125 245.589996337890625 245.92999267578125 249.220001220703125 251.1399993896484375 251.9799957275390625 254.350006103515625 258.230010986328125 258.95001220703125 260.329986572265625 262.010009765625 263.1199951171875 264.720001220703125
203.5800018310546875 187.8800048828125 171.8000030517578125 158.69000244140625 163.410003662109375 179.7400054931640625 195.82000732421875 211.30999755859375 226.2700042724609375 241.8800048828125 257.589996337890625 273 286.790008544921875 297.79998779296875 297.019989013671875 289.149993896484375 278.70001220703125 266.989990234375 254.5 241.8300018310546875 229.75 220.05999755859375 216.9600067138671875 218.9199981689453125 224.9199981689453125 229.67999267578125 234.4600067138671875 237.8300018310546875 241.220001220703125 241.4199981689453125 239.779998779296875 239.350006103515625 243.029998779296875 244.0099945068359375 243.7700042724609375 250.220001220703125 252.32000732421875 253.07000732421875 254.55999755859375 255.42999267578125 256.45001220703125 257.79998779296875
206.220001220703125 189.82000732421875 173.2599945068359375 158.839996337890625 161.3000030517578125 176.69000244140625 192.089996337890625 207.0099945068359375 223.0200042724609375 239.4199981689453125 255.30999755859375 270.82000732421875 284.95001220703125 294.209991455078125 295.17999267578125 289.3800048828125 279.8800048828125 268.1099853515625 255.3800048828125 242.029998779296875 229.9900054931640625 218.720001220703125 208.30999755859375 214.089996337890625 218.94000244140625 223.8699951171875 229.6199951171875 234.0099945068359375 235.4799957275390625 234.089996337890625 231.850006103515625 233.350006103515625 236.2599945068359375 236.4900054931640625 240.1100006103515625 244.0800018310546875 245.5800018310546875 248.339996337890625 249.3600006103515625 249.7700042724609375 249.6999969482421875 251.5200042724609375
206 189.100006103515625 171.850006103515625 156.3600006103515625 158.82000732421875 172.149993896484375 188.7599945068359375 205.2899932861328125 221.9499969482421875 238.05999755859375 253.57000732421875 267.79998779296875 280.20001220703125 287.67999267578125 289.019989013671875 286.220001220703125 279.230010986328125 268.649993896484375 255.970001220703125 242.910003662109375 230.1999969482421875 217.1199951171875 206.94000244140625 207.4799957275390625 214.0500030517578125 221.6399993896484375 227.910003662109375 230.69000244140625 230.2700042724609375 227.0800018310546875 224.910003662109375 226.8699951171875 229.589996337890625 231.660003662109375 234.839996337890625 238.160003662109375 242.19000244140625 245.7400054931640625 244.529998779296875 243.149993896484375 242.9900054931640625 245.0399932861328125
204.779998779296875 187.850006103515625 170.32000732421875 154.8300018310546875 156.3699951171875 170.4900054931640625 187.600006103515625 204.3800048828125 221.25 237.279998779296875 252.0099945068359375 265.160003662109375 274.589996337890625 279.540008544921875 281.329986572265625 280.1400146484375 275.160003662109375 266.75 254.410003662109375 241.9600067138671875 229 215.649993896484375 204.8000030517578125 205.5099945068359375 214.839996337890625 223.8000030517578125 230.2400054931640625 230.6100006103515625 226.100006103515625 220.8600006103515625 218.57000732421875 221.7400054931640625 224.6199951171875 225.4199981689453125 232.0099945068359375 237.089996337890625 241.5399932861328125 242.5 239.4499969482421875 236.19000244140625 237.9499969482421875 239.19000244140625
203.8300018310546875 187.850006103515625 170.7400054931640625 154.9900054931640625 155.7899932861328125 172.4499969482421875 188.3600006103515625 204.55999755859375 220.3899993896484375 235.9600067138671875 249.529998779296875 260.850006103515625 267.410003662109375 271.040008544921875 272.540008544921875 272.350006103515625 268.790008544921875 261.529998779296875 250.6199951171875 238.399993896484375 225.6300048828125 212.7100067138671875 201.1199951171875 199.2599945068359375 213.69000244140625 225.1300048828125 233.9600067138671875 235.4199981689453125 228.279998779296875 215.2899932861328125 213.6300048828125 217.399993896484375 220.32000732421875 227.089996337890625 231.3899993896484375 235.7599945068359375 237.1999969482421875 236.5500030517578125 233.1100006103515625 230.6300048828125 232.6999969482421875 234.6999969482421875
202.0500030517578125 185.6100006103515625 169.2100067138671875 153.92999267578125 154.82000732421875 171.4600067138671875 186.4799957275390625 202.1300048828125 217.82000732421875 232.0800018310546875 244.6100006103515625 252.9600067138671875 258.230010986328125 261.850006103515625 264.519989013671875 264.329986572265625 261.899993896484375 255.80999755859375 245.089996337890625 234.0099945068359375 221.5800018310546875 208.589996337890625 196.779998779296875 190.3699951171875 208.2400054931640625 221.2599945068359375 231.05999755859375 231.6300048828125 222.9600067138671875 211.0800018310546875 208.839996337890625 212.94000244140625 221.8899993896484375 229.1999969482421875 233.2599945068359375 233.0099945068359375 232.8300018310546875 229.899993896484375 227.32000732421875 226.410003662109375 227.7599945068359375 229.07000732421875
201.8600006103515625 186.029998779296875 170.410003662109375 155.0500030517578125 151.410003662109375 165.8600006103515625 181.9600067138671875 198.3699951171875 213.279998779296875 226.410003662109375 237.0399932861328125 243.410003662109375 248.42999267578125 252.0399932861328125 254.529998779296875 255.94000244140625 254.6100006103515625 249.1399993896484375 239.9799957275390625 228.910003662109375 216.6199951171875 203.899993896484375 191.6300048828125 184.8699951171875 202.82000732421875 214.0800018310546875 221.44000244140625 221.0800018310546875 213.7100067138671875 205.1199951171875 205.80999755859375 213.3300018310546875 221.4900054931640625 227.850006103515625 230.8600006103515625 230.7700042724609375 229.3899993896484375 223.42999267578125 219.8699951171875 219.9600067138671875 223.220001220703125 224.720001220703125
203.3800048828125 187.4499969482421875 172.2299957275390625 157.4199981689453125 148.94000244140625 162.75 177.7299957275390625 192.3600006103515625 205.589996337890625 217 225.7299957275390625 231.4799957275390625 236.279998779296875 241.5200042724609375 245.839996337890625 248.149993896484375 246.8000030517578125 241.7599945068359375 233.899993896484375 223.100006103515625 211.779998779296875 199.0399932861328125 187.0800018310546875 181.80999755859375 196.9199981689453125 206.339996337890625 209.089996337890625 207.7599945068359375 203.399993896484375 198.32000732421875 200.8300018310546875 210.5500030517578125 219.67999267578125 226.100006103515625 229.67999267578125 230.2400054931640625 227.3000030517578125 220.42999267578125 214.850006103515625 215.6699981689453125 220.8300018310546875 228.0200042724609375
203.82000732421875 187.69000244140625 170.6199951171875 155.2700042724609375 146.649993896484375 156.44000244140625 169.8800048828125 183.6100006103515625 195.6399993896484375 206.160003662109375 214.089996337890625 220.1300048828125 226.5500030517578125 230.9900054931640625 236.6699981689453125 239.1100006103515625 237.029998779296875 232.0200042724609375 223.7100067138671875 215.3899993896484375 205.0500030517578125 193.660003662109375 181.19000244140625 176.0500030517578125 190.7299957275390625 196.279998779296875 197.0200042724609375 194.779998779296875 191.25 193.8300018310546875 203.660003662109375 212.529998779296875 219.649993896484375 223.399993896484375 224.0500030517578125 223.1999969482421875 220.07000732421875 211.92999267578125 208.1399993896484375 218.0399932861328125 226.2899932861328125 232.5800018310546875
202.970001220703125 187.7899932861328125 171.82000732421875 156.7899932861328125 144.6699981689453125 149.3300018310546875 160.6300048828125 173.6199951171875 185 194.3899993896484375 201.649993896484375 208.55999755859375 214.839996337890625 220.9900054931640625 226.94000244140625 229.0099945068359375 225.2100067138671875 218.5800018310546875 211.910003662109375 205.2599945068359375 196.7899932861328125 186.649993896484375 174.94000244140625 175.089996337890625 183.2899932861328125 184.82000732421875 184.2100067138671875 182.7599945068359375 192.2899932861328125 201.3000030517578125 206.9499969482421875 211.5 214.149993896484375 214.9199981689453125 214.220001220703125 212.2700042724609375 208.94000244140625 200.0800018310546875 208.600006103515625 218.67999267578125 226.92999267578125 232.17999267578125
199.970001220703125 186.5 172.5099945068359375 157.0800018310546875 147.8600006103515625 144.4199981689453125 150.9900054931640625 162.839996337890625 174.029998779296875 182.529998779296875 189.970001220703125 196.9199981689453125 204.1100006103515625 212.1399993896484375 218.5500030517578125 220.1300048828125 213.660003662109375 206.2400054931640625 198.910003662109375 192.3899993896484375 185.410003662109375 177.25 167.839996337890625 170.94000244140625 174.1399993896484375 173.3800048828125 176.07000732421875 183.9199981689453125 192.2700042724609375 198.399993896484375 201.8300018310546875 203.55999755859375 204.1999969482421875 203.6300048828125 201.6699981689453125 199.8699951171875 197.970001220703125 198.6100006103515625 207.25 216.1699981689453125 223.8300018310546875 230.8300018310546875
194.94000244140625 183.4799957275390625 171.720001220703125 165.279998779296875 157.2599945068359375 146.8800048828125 143.1999969482421875 151.07000732421875 161.8699951171875 170.75 178.44000244140625 186.339996337890625 194.839996337890625 202.57000732421875 209.67999267578125 209.69000244140625 202.69000244140625 195.32000732421875 186.660003662109375 179.07000732421875 172.0200042724609375 166.089996337890625 159.5099945068359375 165.30999755859375 164.4600067138671875 170.160003662109375 173.9600067138671875 180.19000244140625 185.2100067138671875 188.75 191.17999267578125 192.07000732421875 191.4199981689453125 190.029998779296875 186.82000732421875 192.089996337890625 199.970001220703125 206.970001220703125 214.8699951171875 222.339996337890625 228.55999755859375 233.910003662109375
189.1999969482421875 183.4900054931640625 182.57000732421875 178.1699981689453125 167.089996337890625 153.399993896484375 142.44000244140625 142.720001220703125 148.350006103515625 157.5200042724609375 166.42999267578125 176.3800048828125 185.44000244140625 193.8600006103515625 200.2400054931640625 199.1300048828125 191.8000030517578125 184.029998779296875 175.2700042724609375 165.5200042724609375 158.55999755859375 154.1199951171875 153.0500030517578125 156.9900054931640625 159.5099945068359375 162.8300018310546875 165.0800018310546875 166.75 173.399993896484375 176.3600006103515625 177.75 179.8300018310546875 181.1699981689453125 186.350006103515625 193.1300048828125 201 209.2400054931640625 216.9499969482421875 223.8800048828125 229.1300048828125 234.4199981689453125 238.1100006103515625
